COOPID,WBANID,Prelim,year,month,day,Tmax,Tmin,Tobs,Tmean,Cdd,Hdd,Prcp,Flag,Snow,Flag,Snwd,meanTmean,meanTmax,meanTmin,highTmax,lowTmin,sumCdd,sumHdd,sumprcp,sumsnow
473269,14898, ,1990,10,1,64,42, ,53,0,12,0.14, ,0, ,0
473269,14898, ,1990,10,2,69,39, ,54,0,11,0, ,0, ,0
473269,14898, ,1990,10,3,68,49, ,59,0,6,0.36, ,0, ,0
473269,14898, ,1990,10,4,64,41, ,53,0,12,0, ,0, ,0
473269,14898, ,1990,10,5,75,41, ,58,0,7,0, ,0, ,0
473269,14898, ,1990,10,6,72,48, ,60,0,5,T,null,0, ,0
473269,14898, ,1990,10,7,52,41, ,47,0,18,T,null,0, ,0
473269,14898, ,1990,10,8,46,38, ,42,0,23,0.20, ,0, ,0
473269,14898, ,1990,10,9,49,39, ,44,0,21,T,null,0, ,0
473269,14898, ,1990,10,10,45,35, ,40,0,25,0.37, ,T,null,0
473269,14898, ,1990,10,11,58,31, ,45,0,20,0, ,0, ,0
473269,14898, ,1990,10,12,55,34, ,45,0,20,0, ,0, ,0
473269,14898, ,1990,10,13,58,32, ,45,0,20,0.01, ,0, ,0
473269,14898, ,1990,10,14,62,44, ,53,0,12,0.19, ,0, ,0
473269,14898, ,1990,10,15,58,38, ,48,0,17,0, ,0, ,0
473269,14898, ,1990,10,16,65,38, ,52,0,13,0, ,0, ,0
473269,14898, ,1990,10,17,73,52, ,63,0,2,0.51, ,0, ,0
473269,14898, ,1990,10,18,52,32, ,42,0,23,0.13, ,T,null,0
473269,14898, ,1990,10,19,46,29, ,38,0,27,0, ,0, ,0
473269,14898, ,1990,10,20,58,40, ,49,0,16,0.13, ,0, ,0
473269,14898, ,1990,10,21,50,34, ,42,0,23,0.30, ,0, ,0
473269,14898, ,1990,10,22,50,27, ,39,0,26,0, ,0, ,0
473269,14898, ,1990,10,23,57,41, ,49,0,16,0, ,0, ,0
473269,14898, ,1990,10,24,48,35, ,42,0,23,0, ,0, ,0
473269,14898, ,1990,10,25,45,29, ,37,0,28,0, ,0, ,0
473269,14898, ,1990,10,26,54,27, ,41,0,24,0, ,0, ,0
473269,14898, ,1990,10,27,57,41, ,49,0,16,T,null,0, ,0
473269,14898, ,1990,10,28,47,31, ,39,0,26,0, ,0, ,0
473269,14898, ,1990,10,29,59,29, ,44,0,21,0, ,0, ,0
473269,14898, ,1990,10,30,56,37, ,47,0,18,0, ,0, ,0
473269,14898, ,1990,10,31,59,39, ,49,0,16,0, ,0, ,0,47.2,57.1,37.2,75,27,0,547,2.34,0

473269,14898, ,1990,11,1,72,39, ,56,0,9,0, ,0, ,0
473269,14898, ,1990,11,2,72,55, ,64,0,1,0.47, ,0, ,0
473269,14898, ,1990,11,3,55,37, ,46,0,19,0.24, ,T,null,0
473269,14898, ,1990,11,4,40,34, ,37,0,28,0.06, ,T,null,0
473269,14898, ,1990,11,5,37,32, ,35,0,30,0.20, ,0.7, ,0
473269,14898, ,1990,11,6,40,32, ,36,0,29,0.03, ,T,null,1
473269,14898, ,1990,11,7,35,24, ,30,0,35,T,null,T,null,T
473269,14898, ,1990,11,8,36,20, ,28,0,37,T,null,T,null,0
473269,14898, ,1990,11,9,37,26, ,32,0,33,0.09, ,0.5, ,1
473269,14898, ,1990,11,10,44,27, ,36,0,29,0, ,0, ,0
473269,14898, ,1990,11,11,44,23, ,34,0,31,T,null,T,null,0
473269,14898, ,1990,11,12,36,26, ,31,0,34,0, ,0, ,T
473269,14898, ,1990,11,13,40,22, ,31,0,34,0, ,0, ,0
473269,14898, ,1990,11,14,60,28, ,44,0,21,0, ,0, ,0
473269,14898, ,1990,11,15,65,47, ,56,0,9,0, ,0, ,0
473269,14898, ,1990,11,16,56,34, ,45,0,20,T,null,0, ,0
473269,14898, ,1990,11,17,50,26, ,38,0,27,0, ,0, ,0
473269,14898, ,1990,11,18,50,33, ,42,0,23,0, ,0, ,0
473269,14898, ,1990,11,19,53,33, ,43,0,22,0, ,0, ,0
473269,14898, ,1990,11,20,51,28, ,40,0,25,0, ,0, ,0
473269,14898, ,1990,11,21,62,46, ,54,0,11,0.27, ,0, ,0
473269,14898, ,1990,11,22,53,32, ,43,0,22,0, ,0, ,0
473269,14898, ,1990,11,23,45,28, ,37,0,28,0, ,0, ,0
473269,14898, ,1990,11,24,45,22, ,34,0,31,0, ,0, ,0
473269,14898, ,1990,11,25,43,22, ,33,0,32,0, ,0, ,0
473269,14898, ,1990,11,26,57,25, ,41,0,24,0.11, ,0, ,0
473269,14898, ,1990,11,27,63,45, ,54,0,11,0.14, ,0, ,0
473269,14898, ,1990,11,28,57,24, ,41,0,24,T,null,T,null,0
473269,14898, ,1990,11,29,33,20, ,27,0,38,0, ,0, ,0
473269,14898, ,1990,11,30,45,31, ,38,0,27,0, ,0, ,0,40.0,49.2,30.7,72,20,0,744,1.61,1.2

473269,14898, ,1990,12,1,46,27, ,37,0,28,0, ,0, ,0
473269,14898, ,1990,12,2,32,16, ,24,0,41,0, ,0, ,0
473269,14898, ,1990,12,3,32,22, ,27,0,38,0.92, ,14.4, ,T
473269,14898, ,1990,12,4,26,6, ,16,0,49,T,null,T,null,13
473269,14898, ,1990,12,5,33,5, ,19,0,46,0, ,0, ,10
473269,14898, ,1990,12,6,32,14, ,23,0,42,0, ,0, ,9
473269,14898, ,1990,12,7,34,14, ,24,0,41,0, ,0, ,8
473269,14898, ,1990,12,8,37,16, ,27,0,38,0, ,0, ,6
473269,14898, ,1990,12,9,44,27, ,36,0,29,0, ,0, ,5
473269,14898, ,1990,12,10,38,30, ,34,0,31,0, ,0, ,4
473269,14898, ,1990,12,11,43,31, ,37,0,28,0, ,0, ,3
473269,14898, ,1990,12,12,41,28, ,35,0,30,0, ,0, ,2
473269,14898, ,1990,12,13,34,13, ,24,0,41,0, ,0, ,2
473269,14898, ,1990,12,14,32,11, ,22,0,43,0, ,0, ,2
473269,14898, ,1990,12,15,33,29, ,31,0,34,0.35, ,4.6, ,2
473269,14898, ,1990,12,16,30,15, ,23,0,42,0, ,0, ,6
473269,14898, ,1990,12,17,34,29, ,32,0,33,0.44, ,5.2, ,5
473269,14898, ,1990,12,18,31,18, ,25,0,40,0.01, ,0.2, ,9
473269,14898, ,1990,12,19,33,11, ,22,0,43,T,null,T,null,9
473269,14898, ,1990,12,20,38,33, ,36,0,29,0, ,0, ,7
473269,14898, ,1990,12,21,36,21, ,29,0,36,0.01, ,0, ,5
473269,14898, ,1990,12,22,31,-8, ,12,0,53,0.04, ,0, ,5
473269,14898, ,1990,12,23,-1,-14, ,-7,0,72,0, ,0, ,5
473269,14898, ,1990,12,24,12,-10, ,1,0,64,T,null,0.2, ,5
473269,14898, ,1990,12,25,18,-10, ,4,0,61,T,null,0.1, ,5
473269,14898, ,1990,12,26,0,-15, ,-7,0,72,0, ,0, ,5
473269,14898, ,1990,12,27,29,0, ,15,0,50,0.01, ,0.2, ,4
473269,14898, ,1990,12,28,33,26, ,30,0,35,0.27, ,1.0, ,4
473269,14898, ,1990,12,29,33,11, ,22,0,43,0.02, ,T,null,5
473269,14898, ,1990,12,30,11,-3, ,4,0,61,0.03, ,1.0, ,5
473269,14898, ,1990,12,31,15,-10, ,3,0,62,0, ,0, ,6,21.0,29.7,12.4,46,-15,0,1355,2.10,26.9

473269,14898, ,1991,01,1,24,13, ,19,0,46,0, ,0, ,5
473269,14898, ,1991,01,2,16,-8, ,4,0,61,0, ,0, ,5
473269,14898, ,1991,01,3,12,-10, ,1,0,64,0, ,0, ,5
473269,14898, ,1991,01,4,10,-5, ,3,0,62,0, ,0, ,5
473269,14898, ,1991,01,5,18,6, ,12,0,53,0.24, ,3.1, ,5
473269,14898, ,1991,01,6,20,-2, ,9,0,56,0, ,0, ,8
473269,14898, ,1991,01,7,10,-7, ,2,0,63,T,null,T,null,7
473269,14898, ,1991,01,8,32,3, ,18,0,47,0.06, ,1.0, ,7
473269,14898, ,1991,01,9,25,6, ,16,0,49,0, ,0, ,7
473269,14898, ,1991,01,10,24,6, ,15,0,50,T,null,T,null,7
473269,14898, ,1991,01,11,27,22, ,25,0,40,0.25, ,4.3, ,9
473269,14898, ,1991,01,12,30,11, ,21,0,44,T,null,T,null,10
473269,14898, ,1991,01,13,28,4, ,16,0,49,T,null,T,null,9
473269,14898, ,1991,01,14,37,28, ,33,0,32,T,null,0, ,9
473269,14898, ,1991,01,15,31,27, ,29,0,36,0, ,0, ,8
473269,14898, ,1991,01,16,29,25, ,27,0,38,T,null,T,null,8
473269,14898, ,1991,01,17,31,18, ,25,0,40,T,null,T,null,8
473269,14898, ,1991,01,18,30,17, ,24,0,41,0, ,0, ,7
473269,14898, ,1991,01,19,40,29, ,35,0,30,0, ,0, ,7
473269,14898, ,1991,01,20,36,10, ,23,0,42,T,null,T,null,6
473269,14898, ,1991,01,21,12,-5, ,4,0,61,0, ,0, ,6
473269,14898, ,1991,01,22,25,-10, ,8,0,57,0.02, ,0.4, ,6
473269,14898, ,1991,01,23,30,8, ,19,0,46,T,null,T,null,6
473269,14898, ,1991,01,24,8,-7, ,1,0,64,0, ,0, ,6
473269,14898, ,1991,01,25,7,-14, ,-3,0,68,0, ,0, ,6
473269,14898, ,1991,01,26,20,-6, ,7,0,58,T,null,T,null,6
473269,14898, ,1991,01,27,28,9, ,19,0,46,T,null,T,null,6
473269,14898, ,1991,01,28,29,8, ,19,0,46,0, ,0, ,6
473269,14898, ,1991,01,29,8,-7, ,1,0,64,T,null,T,null,6
473269,14898, ,1991,01,30,9,-15, ,-3,0,68,T,null,T,null,6
473269,14898, ,1991,01,31,14,1, ,8,0,57,0, ,0, ,6,13.8,22.6,5.0,40,-15,0,1578,0.57,8.8

473269,14898, ,1991,02,1,29,-2, ,14,0,51,0, ,0, ,6
473269,14898, ,1991,02,2,37,16, ,27,0,38,0, ,0, ,6
473269,14898, ,1991,02,3,42,28, ,35,0,30,0, ,0, ,5
473269,14898, ,1991,02,4,42,32, ,37,0,28,0, ,0, ,4
473269,14898, ,1991,02,5,39,26, ,33,0,32,0, ,0, ,3
473269,14898, ,1991,02,6,35,32, ,34,0,31,0, ,0, ,2
473269,14898, ,1991,02,7,45,28, ,37,0,28,0, ,0, ,2
473269,14898, ,1991,02,8,44,24, ,34,0,31,0, ,0, ,1
473269,14898, ,1991,02,9,40,27, ,34,0,31,0, ,0, ,1
473269,14898, ,1991,02,10,29,17, ,23,0,42,0, ,0, ,1
473269,14898, ,1991,02,11,20,9, ,15,0,50,0, ,0, ,1
473269,14898, ,1991,02,12,26,7, ,17,0,48,T,null,T,null,1
473269,14898, ,1991,02,13,25,19, ,22,0,43,T,null,T,null,1
473269,14898, ,1991,02,14,22,8, ,15,0,50,0.06, ,2.0, ,1
473269,14898, ,1991,02,15,16,2, ,9,0,56,T,null,T,null,2
473269,14898, ,1991,02,16,24,-1, ,12,0,53,T,null,T,null,2
473269,14898, ,1991,02,17,30,17, ,24,0,41,0, ,0, ,2
473269,14898, ,1991,02,18,34,25, ,30,0,35,0.14, ,1.5, ,1
473269,14898, ,1991,02,19,35,26, ,31,0,34,0.01, ,T,null,2
473269,14898, ,1991,02,20,38,18, ,28,0,37,T,null,T,null,2
473269,14898, ,1991,02,21,41,22, ,32,0,33,T,null,0, ,1
473269,14898, ,1991,02,22,38,13, ,26,0,39,0, ,0, ,1
473269,14898, ,1991,02,23,27,9, ,18,0,47,0.16, ,3.2, ,1
473269,14898, ,1991,02,24,27,5, ,16,0,49,T,null,T,null,4
473269,14898, ,1991,02,25,20,0, ,10,0,55,0, ,0, ,3
473269,14898, ,1991,02,26,24,-3, ,11,0,54,T,null,T,null,3
473269,14898, ,1991,02,27,24,11, ,18,0,47,T,null,0.1, ,3
473269,14898, ,1991,02,28,36,11, ,24,0,41,T,null,0.1, ,3,23.5,31.8,15.2,45,-3,0,1154,0.37,6.9

473269,14898, ,1991,03,1,37,29, ,33,0,32,0.75, ,0, ,2
473269,14898, ,1991,03,2,38,11, ,25,0,40,0.41, ,1.8, ,1
473269,14898, ,1991,03,3,22,10, ,16,0,49,T,null,T,null,2
473269,14898, ,1991,03,4,32,8, ,20,0,45,0, ,0, ,2
473269,14898, ,1991,03,5,42,19, ,31,0,34,T,null,0, ,1
473269,14898, ,1991,03,6,41,20, ,31,0,34,0.08, ,1.2, ,T
473269,14898, ,1991,03,7,24,11, ,18,0,47,0, ,0, ,1
473269,14898, ,1991,03,8,39,13, ,26,0,39,0.07, ,0.7, ,1
473269,14898, ,1991,03,9,38,30, ,34,0,31,0.08, ,0.9, ,1
473269,14898, ,1991,03,10,42,27, ,35,0,30,0, ,0, ,T
473269,14898, ,1991,03,11,35,25, ,30,0,35,0, ,0, ,T
473269,14898, ,1991,03,12,32,25, ,29,0,36,0, ,0, ,T
473269,14898, ,1991,03,13,32,25, ,29,0,36,0, ,0, ,T
473269,14898, ,1991,03,14,35,23, ,29,0,36,0, ,0, ,T
473269,14898, ,1991,03,15,46,23, ,35,0,30,0, ,0, ,T
473269,14898, ,1991,03,16,45,23, ,34,0,31,0, ,0, ,T
473269,14898, ,1991,03,17,41,27, ,34,0,31,0.14, ,0.3, ,T
473269,14898, ,1991,03,18,47,33, ,40,0,25,0.02, ,T,null,T
473269,14898, ,1991,03,19,56,32, ,44,0,21,0, ,0, ,T
473269,14898, ,1991,03,20,50,31, ,41,0,24,0.18, ,T,null,T
473269,14898, ,1991,03,21,53,35, ,44,0,21,0.07, ,0, ,0
473269,14898, ,1991,03,22,44,34, ,39,0,26,0.17, ,0, ,0
473269,14898, ,1991,03,23,46,37, ,42,0,23,0.27, ,0, ,0
473269,14898, ,1991,03,24,40,28, ,34,0,31,0, ,0, ,0
473269,14898, ,1991,03,25,55,25, ,40,0,25,0, ,0, ,0
473269,14898, ,1991,03,26,66,47, ,57,0,8,0.04, ,0, ,0
473269,14898, ,1991,03,27,65,33, ,49,0,16,0.55, ,T,null,0
473269,14898, ,1991,03,28,38,27, ,33,0,32,T,null,T,null,T
473269,14898, ,1991,03,29,34,21, ,28,0,37,0, ,0, ,0
473269,14898, ,1991,03,30,37,16, ,27,0,38,0, ,0, ,0
473269,14898, ,1991,03,31,49,32, ,41,0,24,0.04, ,0.4, ,T,33.6,42.0,25.2,66,8,0,967,2.87,5.3

473269,14898, ,1991,04,1,45,26, ,36,0,29,0, ,0, ,99999
473269,14898, ,1991,04,2,53,25, ,39,0,26,0, ,0, ,99999
473269,14898, ,1991,04,3,60,29, ,45,0,20,0, ,0, ,99999
473269,14898, ,1991,04,4,61,42, ,52,0,13,T,null,0, ,99999
473269,14898, ,1991,04,5,77,40, ,59,0,6,0, ,0, ,99999
473269,14898, ,1991,04,6,84,56, ,70,5,0,0.02, ,0, ,99999
473269,14898, ,1991,04,7,81,54, ,68,3,0,0, ,0, ,99999
473269,14898, ,1991,04,8,62,38, ,50,0,15,0.34, ,0, ,99999
473269,14898, ,1991,04,9,38,30, ,34,0,31,0.56, ,3.7, ,99999
473269,14898, ,1991,04,10,47,29, ,38,0,27,0.01, ,0.3, ,4
473269,14898, ,1991,04,11,42,26, ,34,0,31,0, ,0, ,T
473269,14898, ,1991,04,12,39,32, ,36,0,29,0.46, ,3.5, ,T
473269,14898, ,1991,04,13,46,35, ,41,0,24,0.01, ,0, ,1
473269,14898, ,1991,04,14,45,39, ,42,0,23,0.94, ,0, ,0
473269,14898, ,1991,04,15,58,41, ,50,0,15,0.06, ,0, ,0
473269,14898, ,1991,04,16,57,36, ,47,0,18,0, ,0, ,0
473269,14898, ,1991,04,17,58,34, ,46,0,19,0, ,0, ,0
473269,14898, ,1991,04,18,58,32, ,45,0,20,0, ,0, ,0
473269,14898, ,1991,04,19,47,32, ,40,0,25,0.05, ,0, ,0
473269,14898, ,1991,04,20,49,31, ,40,0,25,0, ,0, ,0
473269,14898, ,1991,04,21,53,32, ,43,0,22,0, ,0, ,0
473269,14898, ,1991,04,22,62,29, ,46,0,19,0, ,0, ,0
473269,14898, ,1991,04,23,54,42, ,48,0,17,0.04, ,0, ,0
473269,14898, ,1991,04,24,66,36, ,51,0,14,0, ,0, ,0
473269,14898, ,1991,04,25,68,39, ,54,0,11,0, ,0, ,0
473269,14898, ,1991,04,26,67,44, ,56,0,9,0, ,0, ,0
473269,14898, ,1991,04,27,66,52, ,59,0,6,0.07, ,0, ,0
473269,14898, ,1991,04,28,78,49, ,64,0,1,T,null,0, ,0
473269,14898, ,1991,04,29,65,51, ,58,0,7,0.19, ,0, ,0
473269,14898, ,1991,04,30,56,46, ,51,0,14,0.02, ,0, ,0,47.8,58.1,37.6,84,25,8,516,2.77,7.5

473269,14898, ,1991,05,1,51,43, ,47,0,18,0, ,0, ,0
473269,14898, ,1991,05,2,47,35, ,41,0,24,0, ,0, ,0
473269,14898, ,1991,05,3,47,33, ,40,0,25,T,null,0, ,0
473269,14898, ,1991,05,4,54,43, ,49,0,16,T,null,0, ,0
473269,14898, ,1991,05,5,47,42, ,45,0,20,0.54, ,0, ,0
473269,14898, ,1991,05,6,47,40, ,44,0,21,T,null,0, ,0
473269,14898, ,1991,05,7,57,42, ,50,0,15,T,null,0, ,0
473269,14898, ,1991,05,8,47,39, ,43,0,22,0.35, ,0, ,0
473269,14898, ,1991,05,9,68,43, ,56,0,9,0, ,0, ,0
473269,14898, ,1991,05,10,78,46, ,62,0,3,0, ,0, ,0
473269,14898, ,1991,05,11,84,55, ,70,5,0,0, ,0, ,0
473269,14898, ,1991,05,12,87,60, ,74,9,0,0, ,0, ,0
473269,14898, ,1991,05,13,88,62, ,75,10,0,0, ,0, ,0
473269,14898, ,1991,05,14,89,54, ,72,7,0,0, ,0, ,0
473269,14898, ,1991,05,15,87,52, ,70,5,0,0, ,0, ,0
473269,14898, ,1991,05,16,79,59, ,69,4,0,0.52, ,0, ,0
473269,14898, ,1991,05,17,64,45, ,55,0,10,0.03, ,0, ,0
473269,14898, ,1991,05,18,50,45, ,48,0,17,T,null,0, ,0
473269,14898, ,1991,05,19,63,48, ,56,0,9,0, ,0, ,0
473269,14898, ,1991,05,20,75,41, ,58,0,7,0, ,0, ,0
473269,14898, ,1991,05,21,79,53, ,66,1,0,T,null,0, ,0
473269,14898, ,1991,05,22,84,64, ,74,9,0,T,null,0, ,0
473269,14898, ,1991,05,23,83,65, ,74,9,0,T,null,0, ,0
473269,14898, ,1991,05,24,84,63, ,74,9,0,0, ,0, ,0
473269,14898, ,1991,05,25,63,58, ,61,0,4,0.03, ,0, ,0
473269,14898, ,1991,05,26,82,60, ,71,6,0,0.09, ,0, ,0
473269,14898, ,1991,05,27,87,60, ,74,9,0,0.07, ,0, ,0
473269,14898, ,1991,05,28,89,62, ,76,11,0,0.07, ,0, ,0
473269,14898, ,1991,05,29,90,63, ,77,12,0,0.07, ,0, ,0
473269,14898, ,1991,05,30,85,60, ,73,8,0,0, ,0, ,0
473269,14898, ,1991,05,31,72,60, ,66,1,0,0.65, ,0, ,0,61.3,71.2,51.5,90,33,115,220,2.42,0

473269,14898, ,1991,06,1,76,62, ,69,4,0,0.03, ,0, ,0
473269,14898, ,1991,06,2,78,60, ,69,4,0,0.41, ,0, ,0
473269,14898, ,1991,06,3,72,54, ,63,0,2,T,null,0, ,0
473269,14898, ,1991,06,4,66,53, ,60,0,5,0, ,0, ,0
473269,14898, ,1991,06,5,73,52, ,63,0,2,0, ,0, ,0
473269,14898, ,1991,06,6,77,49, ,63,0,2,0, ,0, ,0
473269,14898, ,1991,06,7,81,50, ,66,1,0,0, ,0, ,0
473269,14898, ,1991,06,8,83,53, ,68,3,0,0, ,0, ,0
473269,14898, ,1991,06,9,83,55, ,69,4,0,T,null,0, ,0
473269,14898, ,1991,06,10,80,63, ,72,7,0,0, ,0, ,0
473269,14898, ,1991,06,11,82,58, ,70,5,0,0, ,0, ,0
473269,14898, ,1991,06,12,71,55, ,63,0,2,0, ,0, ,0
473269,14898, ,1991,06,13,80,53, ,67,2,0,0, ,0, ,0
473269,14898, ,1991,06,14,83,67, ,75,10,0,0.15, ,0, ,0
473269,14898, ,1991,06,15,76,65, ,71,6,0,0.16, ,0, ,0
473269,14898, ,1991,06,16,81,62, ,72,7,0,0, ,0, ,0
473269,14898, ,1991,06,17,84,55, ,70,5,0,0, ,0, ,0
473269,14898, ,1991,06,18,86,57, ,72,7,0,0, ,0, ,0
473269,14898, ,1991,06,19,88,62, ,75,10,0,0, ,0, ,0
473269,14898, ,1991,06,20,87,61, ,74,9,0,0, ,0, ,0
473269,14898, ,1991,06,21,69,55, ,62,0,3,0.05, ,0, ,0
473269,14898, ,1991,06,22,69,55, ,62,0,3,0.26, ,0, ,0
473269,14898, ,1991,06,23,74,49, ,62,0,3,0, ,0, ,0
473269,14898, ,1991,06,24,80,48, ,64,0,1,0, ,0, ,0
473269,14898, ,1991,06,25,86,57, ,72,7,0,0, ,0, ,0
473269,14898, ,1991,06,26,91,58, ,75,10,0,0, ,0, ,0
473269,14898, ,1991,06,27,93,75, ,84,19,0,0, ,0, ,0
473269,14898, ,1991,06,28,92,75, ,84,19,0,0, ,0, ,0
473269,14898, ,1991,06,29,95,66, ,81,16,0,0.02, ,0, ,0
473269,14898, ,1991,06,30,68,61, ,65,0,0,T,null,0, ,0,69.2,80.1,58.2,95,48,155,23,1.08,0

473269,14898, ,1991,07,1,71,61, ,66,1,0,0.03, ,0, ,0
473269,14898, ,1991,07,2,88,62, ,75,10,0,0.29, ,0, ,0
473269,14898, ,1991,07,3,79,63, ,71,6,0,0.01, ,0, ,0
473269,14898, ,1991,07,4,80,61, ,71,6,0,0.26, ,0, ,0
473269,14898, ,1991,07,5,83,59, ,71,6,0,0, ,0, ,0
473269,14898, ,1991,07,6,91,67, ,79,14,0,T,null,0, ,0
473269,14898, ,1991,07,7,87,59, ,73,8,0,0, ,0, ,0
473269,14898, ,1991,07,8,78,57, ,68,3,0,0, ,0, ,0
473269,14898, ,1991,07,9,78,53, ,66,1,0,T,null,0, ,0
473269,14898, ,1991,07,10,85,55, ,70,5,0,0, ,0, ,0
473269,14898, ,1991,07,11,84,58, ,71,6,0,0, ,0, ,0
473269,14898, ,1991,07,12,71,64, ,68,3,0,0.51, ,0, ,0
473269,14898, ,1991,07,13,75,56, ,66,1,0,0.27, ,0, ,0
473269,14898, ,1991,07,14,80,50, ,65,0,0,0, ,0, ,0
473269,14898, ,1991,07,15,83,51, ,67,2,0,0, ,0, ,0
473269,14898, ,1991,07,16,87,62, ,75,10,0,0, ,0, ,0
473269,14898, ,1991,07,17,87,68, ,78,13,0,0.62, ,0, ,0
473269,14898, ,1991,07,18,90,66, ,78,13,0,0, ,0, ,0
473269,14898, ,1991,07,19,87,71, ,79,14,0,T,null,0, ,0
473269,14898, ,1991,07,20,84,68, ,76,11,0,0.20, ,0, ,0
473269,14898, ,1991,07,21,75,70, ,73,8,0,T,null,0, ,0
473269,14898, ,1991,07,22,88,69, ,79,14,0,0.73, ,0, ,0
473269,14898, ,1991,07,23,78,61, ,70,5,0,0, ,0, ,0
473269,14898, ,1991,07,24,80,54, ,67,2,0,0.01, ,0, ,0
473269,14898, ,1991,07,25,71,51, ,61,0,4,0.02, ,0, ,0
473269,14898, ,1991,07,26,72,49, ,61,0,4,0, ,0, ,0
473269,14898, ,1991,07,27,76,47, ,62,0,3,T,null,0, ,0
473269,14898, ,1991,07,28,64,58, ,61,0,4,0.43, ,0, ,0
473269,14898, ,1991,07,29,69,56, ,63,0,2,0.78, ,0, ,0
473269,14898, ,1991,07,30,77,55, ,66,1,0,0, ,0, ,0
473269,14898, ,1991,07,31,84,61, ,73,8,0,T,null,0, ,0,69.7,80.1,59.4,91,47,171,17,4.16,0

473269,14898, ,1991,08,1,87,57, ,72,7,0,0, ,0, ,0
473269,14898, ,1991,08,2,72,62, ,67,2,0,0.43, ,0, ,0
473269,14898, ,1991,08,3,75,58, ,67,2,0,0.01, ,0, ,0
473269,14898, ,1991,08,4,74,53, ,64,0,1,0, ,0, ,0
473269,14898, ,1991,08,5,73,48, ,61,0,4,0, ,0, ,0
473269,14898, ,1991,08,6,76,50, ,63,0,2,0.02, ,0, ,0
473269,14898, ,1991,08,7,77,63, ,70,5,0,0.04, ,0, ,0
473269,14898, ,1991,08,8,71,58, ,65,0,0,0.97, ,0, ,0
473269,14898, ,1991,08,9,79,56, ,68,3,0,0.04, ,0, ,0
473269,14898, ,1991,08,10,80,55, ,68,3,0,0, ,0, ,0
473269,14898, ,1991,08,11,85,52, ,69,4,0,0, ,0, ,0
473269,14898, ,1991,08,12,81,56, ,69,4,0,0, ,0, ,0
473269,14898, ,1991,08,13,84,56, ,70,5,0,0.14, ,0, ,0
473269,14898, ,1991,08,14,87,61, ,74,9,0,0, ,0, ,0
473269,14898, ,1991,08,15,85,67, ,76,11,0,0, ,0, ,0
473269,14898, ,1991,08,16,85,65, ,75,10,0,0.11, ,0, ,0
473269,14898, ,1991,08,17,81,64, ,73,8,0,0.03, ,0, ,0
473269,14898, ,1991,08,18,68,58, ,63,0,2,0.25, ,0, ,0
473269,14898, ,1991,08,19,71,53, ,62,0,3,T,null,0, ,0
473269,14898, ,1991,08,20,77,49, ,63,0,2,0, ,0, ,0
473269,14898, ,1991,08,21,80,53, ,67,2,0,0, ,0, ,0
473269,14898, ,1991,08,22,82,63, ,73,8,0,0, ,0, ,0
473269,14898, ,1991,08,23,75,57, ,66,1,0,0.07, ,0, ,0
473269,14898, ,1991,08,24,80,63, ,72,7,0,0, ,0, ,0
473269,14898, ,1991,08,25,90,65, ,78,13,0,0, ,0, ,0
473269,14898, ,1991,08,26,92,69, ,81,16,0,0, ,0, ,0
473269,14898, ,1991,08,27,91,64, ,78,13,0,0, ,0, ,0
473269,14898, ,1991,08,28,93,62, ,78,13,0,0, ,0, ,0
473269,14898, ,1991,08,29,92,68, ,80,15,0,0, ,0, ,0
473269,14898, ,1991,08,30,91,70, ,81,16,0,T,null,0, ,0
473269,14898, ,1991,08,31,73,51, ,62,0,3,0, ,0, ,0,69.9,80.9,58.9,93,48,177,17,2.11,0

473269,14898, ,1991,09,1,72,46, ,59,0,6,0, ,0, ,0
473269,14898, ,1991,09,2,84,50, ,67,2,0,0, ,0, ,0
473269,14898, ,1991,09,3,79,56, ,68,3,0,0.14, ,0, ,0
473269,14898, ,1991,09,4,76,49, ,63,0,2,0, ,0, ,0
473269,14898, ,1991,09,5,77,49, ,63,0,2,T,null,0, ,0
473269,14898, ,1991,09,6,79,51, ,65,0,0,0, ,0, ,0
473269,14898, ,1991,09,7,83,62, ,73,8,0,0.09, ,0, ,0
473269,14898, ,1991,09,8,86,65, ,76,11,0,0.02, ,0, ,0
473269,14898, ,1991,09,9,88,68, ,78,13,0,0.12, ,0, ,0
473269,14898, ,1991,09,10,76,60, ,68,3,0,0, ,0, ,0
473269,14898, ,1991,09,11,63,53, ,58,0,7,0.11, ,0, ,0
473269,14898, ,1991,09,12,69,59, ,64,0,1,0.16, ,0, ,0
473269,14898, ,1991,09,13,75,62, ,69,4,0,0, ,0, ,0
473269,14898, ,1991,09,14,77,61, ,69,4,0,0.32, ,0, ,0
473269,14898, ,1991,09,15,83,70, ,77,12,0,0.66, ,0, ,0
473269,14898, ,1991,09,16,74,53, ,64,0,1,0.15, ,0, ,0
473269,14898, ,1991,09,17,72,49, ,61,0,4,0.36, ,0, ,0
473269,14898, ,1991,09,18,58,43, ,51,0,14,0, ,0, ,0
473269,14898, ,1991,09,19,49,38, ,44,0,21,0.02, ,0, ,0
473269,14898, ,1991,09,20,58,34, ,46,0,19,0, ,0, ,0
473269,14898, ,1991,09,21,65,32, ,49,0,16,0, ,0, ,0
473269,14898, ,1991,09,22,59,45, ,52,0,13,0.15, ,0, ,0
473269,14898, ,1991,09,23,59,43, ,51,0,14,0, ,0, ,0
473269,14898, ,1991,09,24,57,37, ,47,0,18,0.01, ,0, ,0
473269,14898, ,1991,09,25,60,40, ,50,0,15,0.24, ,0, ,0
473269,14898, ,1991,09,26,53,31, ,42,0,23,T,null,0, ,0
473269,14898, ,1991,09,27,53,29, ,41,0,24,0, ,0, ,0
473269,14898, ,1991,09,28,60,28, ,44,0,21,0, ,0, ,0
473269,14898, ,1991,09,29,58,35, ,47,0,18,T,null,0, ,0
473269,14898, ,1991,09,30,68,40, ,54,0,11,T,null,0, ,0,58.5,69.0,47.9,88,28,60,250,2.55,0

473269,14898, ,1991,10,1,56,40, ,48,0,17,0.02, ,0, ,0
473269,14898, ,1991,10,2,70,51, ,61,0,4,T,null,0, ,0
473269,14898, ,1991,10,3,61,41, ,51,0,14,0, ,0, ,0
473269,14898, ,1991,10,4,54,42, ,48,0,17,0.45, ,0, ,0
473269,14898, ,1991,10,5,51,38, ,45,0,20,0.13, ,0, ,0
473269,14898, ,1991,10,6,51,36, ,44,0,21,T,null,0, ,0
473269,14898, ,1991,10,7,55,32, ,44,0,21,0, ,0, ,0
473269,14898, ,1991,10,8,68,39, ,54,0,11,0, ,0, ,0
473269,14898, ,1991,10,9,66,41, ,54,0,11,0, ,0, ,0
473269,14898, ,1991,10,10,57,31, ,44,0,21,T,null,0, ,0
473269,14898, ,1991,10,11,62,38, ,50,0,15,T,null,0, ,0
473269,14898, ,1991,10,12,54,39, ,47,0,18,0.02, ,0, ,0
473269,14898, ,1991,10,13,57,33, ,45,0,20,0.37, ,0, ,0
473269,14898, ,1991,10,14,50,36, ,43,0,22,0.06, ,0, ,0
473269,14898, ,1991,10,15,45,29, ,37,0,28,0, ,0, ,0
473269,14898, ,1991,10,16,63,31, ,47,0,18,0, ,0, ,0
473269,14898, ,1991,10,17,74,50, ,62,0,3,0, ,0, ,0
473269,14898, ,1991,10,18,55,32, ,44,0,21,0.02, ,T,null,0
473269,14898, ,1991,10,19,45,24, ,35,0,30,T,null,T,null,0
473269,14898, ,1991,10,20,52,39, ,46,0,19,0, ,0, ,0
473269,14898, ,1991,10,21,66,42, ,54,0,11,T,null,0, ,0
473269,14898, ,1991,10,22,67,41, ,54,0,11,0, ,0, ,0
473269,14898, ,1991,10,23,75,55, ,65,0,0,0.03, ,0, ,0
473269,14898, ,1991,10,24,67,59, ,63,0,2,0.92, ,0, ,0
473269,14898, ,1991,10,25,61,43, ,52,0,13,0.36, ,0, ,0
473269,14898, ,1991,10,26,44,39, ,42,0,23,0.18, ,0, ,0
473269,14898, ,1991,10,27,48,41, ,45,0,20,T,null,0, ,0
473269,14898, ,1991,10,28,51,47, ,49,0,16,0.17, ,0, ,0
473269,14898, ,1991,10,29,60,41, ,51,0,14,0.76, ,0, ,0
473269,14898, ,1991,10,30,41,31, ,36,0,29,T,null,0, ,0
473269,14898, ,1991,10,31,47,32, ,40,0,25,0.01, ,0, ,0,48.2,57.2,39.1,75,24,0,515,3.50,0

473269,14898, ,1991,11,1,51,31, ,41,0,24,0.26, ,T,null,0
473269,14898, ,1991,11,2,31,17, ,24,0,41,0.01, ,0.1, ,T
473269,14898, ,1991,11,3,22,16, ,19,0,46,T,null,0.1, ,T
473269,14898, ,1991,11,4,25,15, ,20,0,45,0, ,0, ,0
473269,14898, ,1991,11,5,30,15, ,23,0,42,0.06, ,1.2, ,0
473269,14898, ,1991,11,6,28,6, ,17,0,48,T,null,T,null,1
473269,14898, ,1991,11,7,22,-3, ,10,0,55,0, ,0, ,1
473269,14898, ,1991,11,8,27,4, ,16,0,49,0, ,0, ,1
473269,14898, ,1991,11,9,35,17, ,26,0,39,0, ,0, ,1
473269,14898, ,1991,11,10,34,24, ,29,0,36,0.10, ,1.3, ,T
473269,14898, ,1991,11,11,34,31, ,33,0,32,T,null,T,null,1
473269,14898, ,1991,11,12,34,30, ,32,0,33,0.01, ,0.1, ,1
473269,14898, ,1991,11,13,50,31, ,41,0,24,0, ,0, ,T
473269,14898, ,1991,11,14,46,28, ,37,0,28,0.34, ,0, ,0
473269,14898, ,1991,11,15,47,31, ,39,0,26,0.03, ,0, ,0
473269,14898, ,1991,11,16,40,24, ,32,0,33,0, ,0, ,0
473269,14898, ,1991,11,17,45,24, ,35,0,30,0.03, ,0, ,0
473269,14898, ,1991,11,18,61,42, ,52,0,13,0.18, ,0, ,0
473269,14898, ,1991,11,19,53,36, ,45,0,20,T,null,0, ,0
473269,14898, ,1991,11,20,49,29, ,39,0,26,0, ,0, ,0
473269,14898, ,1991,11,21,47,28, ,38,0,27,T,null,0, ,0
473269,14898, ,1991,11,22,53,38, ,46,0,19,0.22, ,0, ,0
473269,14898, ,1991,11,23,42,28, ,35,0,30,0.67, ,0.2, ,0
473269,14898, ,1991,11,24,30,21, ,26,0,39,0.05, ,0.2, ,T
473269,14898, ,1991,11,25,24,15, ,20,0,45,T,null,T,null,T
473269,14898, ,1991,11,26,31,12, ,22,0,43,0.11, ,2.0, ,T
473269,14898, ,1991,11,27,33,23, ,28,0,37,0.18, ,3.0, ,5
473269,14898, ,1991,11,28,24,10, ,17,0,48,0.01, ,0.5, ,4
473269,14898, ,1991,11,29,49,23, ,36,0,29,0.40, ,T,null,4
473269,14898, ,1991,11,30,52,16, ,34,0,31,0.06, ,0, ,0,30.2,38.3,22.1,61,-3,0,1038,2.72,8.7

473269,14898, ,1991,12,1,32,12, ,22,0,43,0, ,0, ,0
473269,14898, ,1991,12,2,25,8, ,17,0,48,0.10, ,1.2, ,0
473269,14898, ,1991,12,3,25,19, ,22,0,43,0.09, ,2.8, ,4
473269,14898, ,1991,12,4,20,-1, ,10,0,55,0, ,0, ,4
473269,14898, ,1991,12,5,15,0, ,8,0,57,0.33, ,4.9, ,3
473269,14898, ,1991,12,6,33,-1, ,16,0,49,T,null,T,null,7
473269,14898, ,1991,12,7,45,31, ,38,0,27,0, ,0, ,6
473269,14898, ,1991,12,8,40,32, ,36,0,29,T,null,0, ,3
473269,14898, ,1991,12,9,33,21, ,27,0,38,0, ,0, ,2
473269,14898, ,1991,12,10,40,30, ,35,0,30,0, ,0, ,2
473269,14898, ,1991,12,11,42,25, ,34,0,31,0, ,0, ,1
473269,14898, ,1991,12,12,42,26, ,34,0,31,0.64, ,0, ,T
473269,14898, ,1991,12,13,35,25, ,30,0,35,0, ,0, ,T
473269,14898, ,1991,12,14,33,12, ,23,0,42,0.01, ,0.2, ,T
473269,14898, ,1991,12,15,12,1, ,7,0,58,0, ,0, ,T
473269,14898, ,1991,12,16,23,0, ,12,0,53,0.01, ,0.3, ,T
473269,14898, ,1991,12,17,33,14, ,24,0,41,T,null,T,null,T
473269,14898, ,1991,12,18,17,4, ,11,0,54,0, ,0, ,0
473269,14898, ,1991,12,19,28,2, ,15,0,50,0, ,0, ,T
473269,14898, ,1991,12,20,33,28, ,31,0,34,0.24, ,1.3, ,T
473269,14898, ,1991,12,21,33,23, ,28,0,37,0, ,0, ,1
473269,14898, ,1991,12,22,35,25, ,30,0,35,0, ,0, ,1
473269,14898, ,1991,12,23,33,15, ,24,0,41,0, ,0, ,1
473269,14898, ,1991,12,24,36,14, ,25,0,40,0, ,0, ,1
473269,14898, ,1991,12,25,33,12, ,23,0,42,0, ,0, ,1
473269,14898, ,1991,12,26,35,20, ,28,0,37,0, ,0, ,1
473269,14898, ,1991,12,27,36,31, ,34,0,31,0, ,0, ,1
473269,14898, ,1991,12,28,32,27, ,30,0,35,0, ,0, ,1
473269,14898, ,1991,12,29,32,24, ,28,0,37,0, ,0, ,1
473269,14898, ,1991,12,30,33,30, ,32,0,33,T,null,T,null,1
473269,14898, ,1991,12,31,35,30, ,33,0,32,T,null,T,null,1,24.5,31.6,17.4,45,-1,0,1248,1.42,10.7

473269,14898, ,1992,01,1,32,30, ,31,0,34,T,null,0, ,1
473269,14898, ,1992,01,2,35,30, ,33,0,32,0.06, ,T,null,1
473269,14898, ,1992,01,3,36,33, ,35,0,30,0.02, ,0, ,1
473269,14898, ,1992,01,4,37,25, ,31,0,34,0, ,0, ,T
473269,14898, ,1992,01,5,36,24, ,30,0,35,0, ,0, ,T
473269,14898, ,1992,01,6,34,32, ,33,0,32,T,null,T,null,T
473269,14898, ,1992,01,7,34,31, ,33,0,32,T,null,T,null,T
473269,14898, ,1992,01,8,36,33, ,35,0,30,0.23, ,0.3, ,T
473269,14898, ,1992,01,9,37,30, ,34,0,31,0.02, ,0.1, ,T
473269,14898, ,1992,01,10,30,20, ,25,0,40,0, ,0, ,T
473269,14898, ,1992,01,11,39,21, ,30,0,35,0, ,0, ,0
473269,14898, ,1992,01,12,38,31, ,35,0,30,0.11, ,0, ,0
473269,14898, ,1992,01,13,35,17, ,26,0,39,T,null,T,null,0
473269,14898, ,1992,01,14,20,13, ,17,0,48,T,null,T,null,T
473269,14898, ,1992,01,15,15,-8, ,4,0,61,T,null,T,null,T
473269,14898, ,1992,01,16,18,-9, ,5,0,60,0.02, ,0.4, ,0
473269,14898, ,1992,01,17,18,1, ,10,0,55,T,null,T,null,T
473269,14898, ,1992,01,18,5,-7, ,-1,0,66,0, ,0, ,T
473269,14898, ,1992,01,19,14,-5, ,5,0,60,0.04, ,1.0, ,T
473269,14898, ,1992,01,20,25,-1, ,12,0,53,0, ,0, ,1
473269,14898, ,1992,01,21,30,14, ,22,0,43,0, ,0, ,1
473269,14898, ,1992,01,22,36,24, ,30,0,35,0.06, ,0.1, ,1
473269,14898, ,1992,01,23,34,17, ,26,0,39,0.07, ,0.7, ,T
473269,14898, ,1992,01,24,17,4, ,11,0,54,T,null,T,null,T
473269,14898, ,1992,01,25,22,8, ,15,0,50,0.02, ,0.3, ,T
473269,14898, ,1992,01,26,27,8, ,18,0,47,0.04, ,1.1, ,T
473269,14898, ,1992,01,27,30,21, ,26,0,39,T,null,T,null,1
473269,14898, ,1992,01,28,27,9, ,18,0,47,0, ,0, ,1
473269,14898, ,1992,01,29,33,22, ,28,0,37,T,null,0, ,1
473269,14898, ,1992,01,30,39,33, ,36,0,29,0, ,0, ,1
473269,14898, ,1992,01,31,34,18, ,26,0,39,0.03, ,0.3, ,T,22.9,29.1,16.7,39,-9,0,1296,0.72,4.3

473269,14898, ,1992,02,1,31,9, ,20,0,45,0, ,0, ,T
473269,14898, ,1992,02,2,45,22, ,34,0,31,0, ,0, ,T
473269,14898, ,1992,02,3,37,27, ,32,0,33,0, ,0, ,0
473269,14898, ,1992,02,4,35,21, ,28,0,37,T,null,T,null,0
473269,14898, ,1992,02,5,36,14, ,25,0,40,0, ,0, ,0
473269,14898, ,1992,02,6,36,25, ,31,0,34,T,null,T,null,0
473269,14898, ,1992,02,7,28,18, ,23,0,42,T,null,T,null,0
473269,14898, ,1992,02,8,20,8, ,14,0,51,T,null,T,null,T
473269,14898, ,1992,02,9,21,3, ,12,0,53,0, ,0, ,0
473269,14898, ,1992,02,10,32,21, ,27,0,38,0.02, ,0.3, ,T
473269,14898, ,1992,02,11,28,3, ,16,0,49,0, ,0, ,T
473269,14898, ,1992,02,12,24,1, ,13,0,52,T,null,T,null,T
473269,14898, ,1992,02,13,30,20, ,25,0,40,0.06, ,0.8, ,T
473269,14898, ,1992,02,14,32,26, ,29,0,36,T,null,T,null,1
473269,14898, ,1992,02,15,33,28, ,31,0,34,0.09, ,1.6, ,1
473269,14898, ,1992,02,16,36,19, ,28,0,37,0, ,0, ,2
473269,14898, ,1992,02,17,36,33, ,35,0,30,T,null,0, ,1
473269,14898, ,1992,02,18,34,32, ,33,0,32,0.14, ,1.3, ,T
473269,14898, ,1992,02,19,36,30, ,33,0,32,0.02, ,0.5, ,1
473269,14898, ,1992,02,20,37,28, ,33,0,32,0.02, ,0.4, ,1
473269,14898, ,1992,02,21,31,19, ,25,0,40,T,null,T,null,1
473269,14898, ,1992,02,22,38,22, ,30,0,35,T,null,T,null,1
473269,14898, ,1992,02,23,35,27, ,31,0,34,0, ,0, ,T
473269,14898, ,1992,02,24,35,30, ,33,0,32,0.17, ,2.3, ,T
473269,14898, ,1992,02,25,35,26, ,31,0,34,0.01, ,0.2, ,2
473269,14898, ,1992,02,26,39,22, ,31,0,34,0, ,0, ,2
473269,14898, ,1992,02,27,43,30, ,37,0,28,T,null,0, ,1
473269,14898, ,1992,02,28,40,16, ,28,0,37,0.02, ,T,null,T
473269,14898, ,1992,02,29,35,12, ,24,0,41,0, ,0, ,T,27.1,33.7,20.4,45,1,0,1093,0.55,7.4

473269,14898, ,1992,03,1,53,32, ,43,0,22,0, ,0, ,T
473269,14898, ,1992,03,2,38,30, ,34,0,31,T,null,0, ,T
473269,14898, ,1992,03,3,36,32, ,34,0,31,T,null,0, ,0
473269,14898, ,1992,03,4,49,32, ,41,0,24,0, ,0, ,0
473269,14898, ,1992,03,5,37,35, ,36,0,29,0.34, ,0, ,0
473269,14898, ,1992,03,6,40,35, ,38,0,27,0.19, ,0, ,0
473269,14898, ,1992,03,7,37,34, ,36,0,29,0.05, ,0, ,0
473269,14898, ,1992,03,8,48,35, ,42,0,23,0.01, ,0, ,0
473269,14898, ,1992,03,9,38,17, ,28,0,37,1.04, ,3.4, ,99999
473269,14898, ,1992,03,10,21,9, ,15,0,50,0.01, ,0.1, ,3
473269,14898, ,1992,03,11,23,6, ,15,0,50,0, ,0, ,3
473269,14898, ,1992,03,12,25,8, ,17,0,48,0, ,0, ,2
473269,14898, ,1992,03,13,30,5, ,18,0,47,0, ,0, ,2
473269,14898, ,1992,03,14,32,5, ,19,0,46,0, ,0, ,2
473269,14898, ,1992,03,15,32,10, ,21,0,44,0, ,0, ,1
473269,14898, ,1992,03,16,44,16, ,30,0,35,0, ,0, ,1
473269,14898, ,1992,03,17,38,20, ,29,0,36,0, ,0, ,T
473269,14898, ,1992,03,18,34,20, ,27,0,38,0, ,0, ,T
473269,14898, ,1992,03,19,41,20, ,31,0,34,0, ,0, ,T
473269,14898, ,1992,03,20,37,22, ,30,0,35,T,null,0.1, ,T
473269,14898, ,1992,03,21,28,18, ,23,0,42,0.07, ,0.7, ,0
473269,14898, ,1992,03,22,38,16, ,27,0,38,0, ,0, ,1
473269,14898, ,1992,03,23,43,21, ,32,0,33,0, ,0, ,T
473269,14898, ,1992,03,24,52,24, ,38,0,27,0, ,0, ,0
473269,14898, ,1992,03,25,49,29, ,39,0,26,0.04, ,0, ,0
473269,14898, ,1992,03,26,36,25, ,31,0,34,0.19, ,2.0, ,0
473269,14898, ,1992,03,27,41,22, ,32,0,33,0, ,0, ,1
473269,14898, ,1992,03,28,44,20, ,32,0,33,0, ,0, ,T
473269,14898, ,1992,03,29,35,32, ,34,0,31,0.30, ,1.2, ,T
473269,14898, ,1992,03,30,50,32, ,41,0,24,T,null,T,null,1
473269,14898, ,1992,03,31,44,26, ,35,0,30,0.24, ,1.5, ,1,30.3,38.5,22.2,53,5,0,1067,2.48,9.0

473269,14898, ,1992,04,1,32,22, ,27,0,38,0.01, ,0.2, ,T
473269,14898, ,1992,04,2,41,22, ,32,0,33,T,null,T,null,T
473269,14898, ,1992,04,3,46,28, ,37,0,28,T,null,0, ,0
473269,14898, ,1992,04,4,46,27, ,37,0,28,0, ,0, ,0
473269,14898, ,1992,04,5,52,24, ,38,0,27,0, ,0, ,0
473269,14898, ,1992,04,6,64,35, ,50,0,15,T,null,0, ,0
473269,14898, ,1992,04,7,60,34, ,47,0,18,0.10, ,0, ,0
473269,14898, ,1992,04,8,52,34, ,43,0,22,0, ,0, ,0
473269,14898, ,1992,04,9,58,30, ,44,0,21,0, ,0, ,0
473269,14898, ,1992,04,10,41,30, ,36,0,29,1.10, ,2.6, ,0
473269,14898, ,1992,04,11,42,32, ,37,0,28,T,null,T,null,1
473269,14898, ,1992,04,12,37,23, ,30,0,35,0, ,0, ,T
473269,14898, ,1992,04,13,35,27, ,31,0,34,T,null,T,null,T
473269,14898, ,1992,04,14,43,33, ,38,0,27,0, ,0, ,T
473269,14898, ,1992,04,15,44,37, ,41,0,24,0.60, ,0, ,0
473269,14898, ,1992,04,16,39,36, ,38,0,27,0.65, ,0, ,0
473269,14898, ,1992,04,17,51,36, ,44,0,21,0, ,0, ,0
473269,14898, ,1992,04,18,51,38, ,45,0,20,T,null,0, ,0
473269,14898, ,1992,04,19,64,48, ,56,0,9,0.30, ,0, ,0
473269,14898, ,1992,04,20,71,56, ,64,0,1,0.01, ,0, ,0
473269,14898, ,1992,04,21,61,41, ,51,0,14,0.01, ,0, ,0
473269,14898, ,1992,04,22,46,38, ,42,0,23,0.01, ,T,null,0
473269,14898, ,1992,04,23,49,42, ,46,0,19,0, ,0, ,0
473269,14898, ,1992,04,24,44,37, ,41,0,24,T,null,0, ,0
473269,14898, ,1992,04,25,45,37, ,41,0,24,T,null,0, ,0
473269,14898, ,1992,04,26,45,34, ,40,0,25,0.01, ,0, ,0
473269,14898, ,1992,04,27,50,31, ,41,0,24,0, ,0, ,0
473269,14898, ,1992,04,28,59,31, ,45,0,20,0.10, ,0, ,0
473269,14898, ,1992,04,29,66,46, ,56,0,9,0.11, ,0, ,0
473269,14898, ,1992,04,30,57,40, ,49,0,16,0, ,0, ,0,42.0,49.7,34.3,71,22,0,683,3.01,2.8

473269,14898, ,1992,05,1,88,46, ,67,2,0,0, ,0, ,0
473269,14898, ,1992,05,2,69,52, ,61,0,4,T,null,0, ,0
473269,14898, ,1992,05,3,56,41, ,49,0,16,T,null,0, ,0
473269,14898, ,1992,05,4,53,35, ,44,0,21,T,null,0, ,0
473269,14898, ,1992,05,5,52,30, ,41,0,24,0, ,0, ,0
473269,14898, ,1992,05,6,62,28, ,45,0,20,0, ,0, ,0
473269,14898, ,1992,05,7,71,42, ,57,0,8,0, ,0, ,0
473269,14898, ,1992,05,8,78,41, ,60,0,5,0, ,0, ,0
473269,14898, ,1992,05,9,77,42, ,60,0,5,0, ,0, ,0
473269,14898, ,1992,05,10,77,47, ,62,0,3,0, ,0, ,0
473269,14898, ,1992,05,11,85,56, ,71,6,0,0.02, ,0, ,0
473269,14898, ,1992,05,12,76,59, ,68,3,0,0.12, ,0, ,0
473269,14898, ,1992,05,13,67,41, ,54,0,11,0, ,0, ,0
473269,14898, ,1992,05,14,57,38, ,48,0,17,T,null,0, ,0
473269,14898, ,1992,05,15,69,47, ,58,0,7,T,null,0, ,0
473269,14898, ,1992,05,16,80,49, ,65,0,0,0.85, ,0, ,0
473269,14898, ,1992,05,17,74,50, ,62,0,3,0.27, ,0, ,0
473269,14898, ,1992,05,18,60,40, ,50,0,15,0, ,0, ,0
473269,14898, ,1992,05,19,75,38, ,57,0,8,0, ,0, ,0
473269,14898, ,1992,05,20,84,46, ,65,0,0,0, ,0, ,0
473269,14898, ,1992,05,21,86,52, ,69,4,0,0, ,0, ,0
473269,14898, ,1992,05,22,84,59, ,72,7,0,0.07, ,0, ,0
473269,14898, ,1992,05,23,66,37, ,52,0,13,0.21, ,0, ,0
473269,14898, ,1992,05,24,48,33, ,41,0,24,0, ,0, ,0
473269,14898, ,1992,05,25,54,35, ,45,0,20,0, ,0, ,0
473269,14898, ,1992,05,26,58,38, ,48,0,17,0, ,0, ,0
473269,14898, ,1992,05,27,68,33, ,51,0,14,0, ,0, ,0
473269,14898, ,1992,05,28,72,43, ,58,0,7,0, ,0, ,0
473269,14898, ,1992,05,29,75,43, ,59,0,6,0, ,0, ,0
473269,14898, ,1992,05,30,73,48, ,61,0,4,0, ,0, ,0
473269,14898, ,1992,05,31,80,44, ,62,0,3,0, ,0, ,0,56.6,70.1,43.0,88,28,22,275,1.54,0

473269,14898, ,1992,06,1,70,50, ,60,0,5,0, ,0, ,0
473269,14898, ,1992,06,2,82,47, ,65,0,0,0, ,0, ,0
473269,14898, ,1992,06,3,83,50, ,67,2,0,0, ,0, ,0
473269,14898, ,1992,06,4,79,50, ,65,0,0,0.02, ,0, ,0
473269,14898, ,1992,06,5,80,55, ,68,3,0,0, ,0, ,0
473269,14898, ,1992,06,6,80,54, ,67,2,0,T,null,0, ,0
473269,14898, ,1992,06,7,73,51, ,62,0,3,0, ,0, ,0
473269,14898, ,1992,06,8,69,50, ,60,0,5,0.02, ,0, ,0
473269,14898, ,1992,06,9,77,46, ,62,0,3,0, ,0, ,0
473269,14898, ,1992,06,10,83,51, ,67,2,0,T,null,0, ,0
473269,14898, ,1992,06,11,88,53, ,71,6,0,0, ,0, ,0
473269,14898, ,1992,06,12,90,61, ,76,11,0,0, ,0, ,0
473269,14898, ,1992,06,13,91,61, ,76,11,0,T,null,0, ,0
473269,14898, ,1992,06,14,74,60, ,67,2,0,0.02, ,0, ,0
473269,14898, ,1992,06,15,69,57, ,63,0,2,0.01, ,0, ,0
473269,14898, ,1992,06,16,75,56, ,66,1,0,T,null,0, ,0
473269,14898, ,1992,06,17,85,63, ,74,9,0,0.80, ,T,null,0
473269,14898, ,1992,06,18,77,52, ,65,0,0,0.01, ,0, ,0
473269,14898, ,1992,06,19,57,46, ,52,0,13,0.01, ,0, ,0
473269,14898, ,1992,06,20,60,41, ,51,0,14,0, ,0, ,0
473269,14898, ,1992,06,21,65,37, ,51,0,14,0, ,0, ,0
473269,14898, ,1992,06,22,70,40, ,55,0,10,0.02, ,0, ,0
473269,14898, ,1992,06,23,56,50, ,53,0,12,0.18, ,0, ,0
473269,14898, ,1992,06,24,58,49, ,54,0,11,0.21, ,0, ,0
473269,14898, ,1992,06,25,71,47, ,59,0,6,0.17, ,0, ,0
473269,14898, ,1992,06,26,66,47, ,57,0,8,0.03, ,0, ,0
473269,14898, ,1992,06,27,73,44, ,59,0,6,0, ,0, ,0
473269,14898, ,1992,06,28,81,48, ,65,0,0,0, ,0, ,0
473269,14898, ,1992,06,29,70,47, ,59,0,6,0.11, ,0, ,0
473269,14898, ,1992,06,30,76,45, ,61,0,4,0, ,0, ,0,62.3,74.3,50.3,91,37,49,122,1.61,0

473269,14898, ,1992,07,1,73,58, ,66,1,0,0, ,0, ,0
473269,14898, ,1992,07,2,79,56, ,68,3,0,0.04, ,0, ,0
473269,14898, ,1992,07,3,69,57, ,63,0,2,0.36, ,0, ,0
473269,14898, ,1992,07,4,73,56, ,65,0,0,0, ,0, ,0
473269,14898, ,1992,07,5,73,52, ,63,0,2,0, ,0, ,0
473269,14898, ,1992,07,6,79,50, ,65,0,0,0, ,0, ,0
473269,14898, ,1992,07,7,80,54, ,67,2,0,T,null,0, ,0
473269,14898, ,1992,07,8,82,64, ,73,8,0,0.53, ,0, ,0
473269,14898, ,1992,07,9,81,61, ,71,6,0,0, ,0, ,0
473269,14898, ,1992,07,10,77,60, ,69,4,0,0.10, ,0, ,0
473269,14898, ,1992,07,11,68,57, ,63,0,2,0.05, ,0, ,0
473269,14898, ,1992,07,12,65,57, ,61,0,4,1.48, ,0, ,0
473269,14898, ,1992,07,13,65,55, ,60,0,5,1.03, ,0, ,0
473269,14898, ,1992,07,14,72,53, ,63,0,2,0.03, ,0, ,0
473269,14898, ,1992,07,15,80,49, ,65,0,0,0, ,0, ,0
473269,14898, ,1992,07,16,79,61, ,70,5,0,0.04, ,0, ,0
473269,14898, ,1992,07,17,81,57, ,69,4,0,0.11, ,0, ,0
473269,14898, ,1992,07,18,76,56, ,66,1,0,0, ,0, ,0
473269,14898, ,1992,07,19,79,56, ,68,3,0,0.23, ,0, ,0
473269,14898, ,1992,07,20,70,48, ,59,0,6,0, ,0, ,0
473269,14898, ,1992,07,21,73,44, ,59,0,6,0, ,0, ,0
473269,14898, ,1992,07,22,65,52, ,59,0,6,0.16, ,0, ,0
473269,14898, ,1992,07,23,71,53, ,62,0,3,0.01, ,0, ,0
473269,14898, ,1992,07,24,77,53, ,65,0,0,0, ,0, ,0
473269,14898, ,1992,07,25,81,55, ,68,3,0,0, ,0, ,0
473269,14898, ,1992,07,26,82,56, ,69,4,0,0.01, ,0, ,0
473269,14898, ,1992,07,27,77,53, ,65,0,0,0, ,0, ,0
473269,14898, ,1992,07,28,80,57, ,69,4,0,T,null,0, ,0
473269,14898, ,1992,07,29,73,54, ,64,0,1,0, ,0, ,0
473269,14898, ,1992,07,30,70,49, ,60,0,5,T,null,0, ,0
473269,14898, ,1992,07,31,79,52, ,66,1,0,0, ,0, ,0,64.9,75.1,54.7,82,44,49,44,4.18,0

473269,14898, ,1992,08,1,83,58, ,71,6,0,0.12, ,0, ,0
473269,14898, ,1992,08,2,77,59, ,68,3,0,0.32, ,0, ,0
473269,14898, ,1992,08,3,74,54, ,64,0,1,0.56, ,T,null,0
473269,14898, ,1992,08,4,74,52, ,63,0,2,0, ,0, ,0
473269,14898, ,1992,08,5,78,48, ,63,0,2,0, ,0, ,0
473269,14898, ,1992,08,6,79,49, ,64,0,1,0, ,0, ,0
473269,14898, ,1992,08,7,76,58, ,67,2,0,0.14, ,0, ,0
473269,14898, ,1992,08,8,82,62, ,72,7,0,0.01, ,0, ,0
473269,14898, ,1992,08,9,89,59, ,74,9,0,0, ,0, ,0
473269,14898, ,1992,08,10,86,60, ,73,8,0,T,null,0, ,0
473269,14898, ,1992,08,11,75,55, ,65,0,0,0.02, ,0, ,0
473269,14898, ,1992,08,12,63,50, ,57,0,8,0.19, ,0, ,0
473269,14898, ,1992,08,13,65,49, ,57,0,8,0.02, ,0, ,0
473269,14898, ,1992,08,14,70,47, ,59,0,6,0, ,0, ,0
473269,14898, ,1992,08,15,73,41, ,57,0,8,0, ,0, ,0
473269,14898, ,1992,08,16,76,44, ,60,0,5,0, ,0, ,0
473269,14898, ,1992,08,17,77,47, ,62,0,3,0.18, ,0, ,0
473269,14898, ,1992,08,18,76,52, ,64,0,1,0.16, ,0, ,0
473269,14898, ,1992,08,19,75,49, ,62,0,3,0, ,0, ,0
473269,14898, ,1992,08,20,79,49, ,64,0,1,0, ,0, ,0
473269,14898, ,1992,08,21,80,53, ,67,2,0,0, ,0, ,0
473269,14898, ,1992,08,22,82,57, ,70,5,0,0, ,0, ,0
473269,14898, ,1992,08,23,85,59, ,72,7,0,0, ,0, ,0
473269,14898, ,1992,08,24,88,66, ,77,12,0,0, ,0, ,0
473269,14898, ,1992,08,25,90,56, ,73,8,0,0.30, ,0, ,0
473269,14898, ,1992,08,26,64,53, ,59,0,6,0.05, ,0, ,0
473269,14898, ,1992,08,27,64,50, ,57,0,8,T,null,0, ,0
473269,14898, ,1992,08,28,66,48, ,57,0,8,0.03, ,0, ,0
473269,14898, ,1992,08,29,75,46, ,61,0,4,T,null,0, ,0
473269,14898, ,1992,08,30,66,53, ,60,0,5,T,null,0, ,0
473269,14898, ,1992,08,31,69,47, ,58,0,7,0, ,0, ,0,64.3,76.0,52.6,90,41,69,87,2.10,0

473269,14898, ,1992,09,1,74,43, ,59,0,6,0, ,0, ,0
473269,14898, ,1992,09,2,75,60, ,68,3,0,0.08, ,0, ,0
473269,14898, ,1992,09,3,73,48, ,61,0,4,0, ,0, ,0
473269,14898, ,1992,09,4,75,44, ,60,0,5,0, ,0, ,0
473269,14898, ,1992,09,5,86,51, ,69,4,0,0, ,0, ,0
473269,14898, ,1992,09,6,75,60, ,68,3,0,0.15, ,0, ,0
473269,14898, ,1992,09,7,69,57, ,63,0,2,T,null,0, ,0
473269,14898, ,1992,09,8,69,46, ,58,0,7,0, ,0, ,0
473269,14898, ,1992,09,9,63,51, ,57,0,8,0.24, ,0, ,0
473269,14898, ,1992,09,10,60,45, ,53,0,12,0, ,0, ,0
473269,14898, ,1992,09,11,68,41, ,55,0,10,0, ,0, ,0
473269,14898, ,1992,09,12,74,49, ,62,0,3,0, ,0, ,0
473269,14898, ,1992,09,13,80,60, ,70,5,0,T,null,0, ,0
473269,14898, ,1992,09,14,70,57, ,64,0,1,2.48, ,0, ,0
473269,14898, ,1992,09,15,74,57, ,66,1,0,0, ,0, ,0
473269,14898, ,1992,09,16,74,65, ,70,5,0,1.35, ,0, ,0
473269,14898, ,1992,09,17,72,62, ,67,2,0,0.01, ,0, ,0
473269,14898, ,1992,09,18,70,45, ,58,0,7,0.73, ,0, ,0
473269,14898, ,1992,09,19,60,40, ,50,0,15,0, ,0, ,0
473269,14898, ,1992,09,20,70,45, ,58,0,7,T,null,0, ,0
473269,14898, ,1992,09,21,66,56, ,61,0,4,T,null,0, ,0
473269,14898, ,1992,09,22,57,39, ,48,0,17,0, ,0, ,0
473269,14898, ,1992,09,23,62,32, ,47,0,18,0, ,0, ,0
473269,14898, ,1992,09,24,68,43, ,56,0,9,0, ,0, ,0
473269,14898, ,1992,09,25,72,44, ,58,0,7,0, ,0, ,0
473269,14898, ,1992,09,26,64,54, ,59,0,6,0.49, ,0, ,0
473269,14898, ,1992,09,27,64,48, ,56,0,9,0.08, ,0, ,0
473269,14898, ,1992,09,28,58,35, ,47,0,18,0, ,0, ,0
473269,14898, ,1992,09,29,58,30, ,44,0,21,0, ,0, ,0
473269,14898, ,1992,09,30,67,36, ,52,0,13,0, ,0, ,0,58.5,68.9,48.1,86,30,23,209,5.61,0

473269,14898, ,1994,06,1,67,41, ,54,0,11,0, ,0, ,0
473269,14898, ,1994,06,2,68,40, ,54,0,11,0, ,0, ,0
473269,14898, ,1994,06,3,75,40, ,58,0,7,0, ,0, ,0
473269,14898, ,1994,06,4,83,46, ,65,0,0,0, ,0, ,0
473269,14898, ,1994,06,5,80,55, ,68,3,0,0.35, ,0, ,0
473269,14898, ,1994,06,6,80,58, ,69,4,0,T,null,0, ,0
473269,14898, ,1994,06,7,64,46, ,55,0,10,0, ,0, ,0
473269,14898, ,1994,06,8,63,43, ,53,0,12,0, ,0, ,0
473269,14898, ,1994,06,9,77,42, ,60,0,5,0, ,0, ,0
473269,14898, ,1994,06,10,76,48, ,62,0,3,0, ,0, ,0
473269,14898, ,1994,06,11,79,54, ,67,2,0,0.53, ,0, ,0
473269,14898, ,1994,06,12,82,55, ,69,4,0,0.03, ,0, ,0
473269,14898, ,1994,06,13,76,60, ,68,3,0,0.68, ,0, ,0
473269,14898, ,1994,06,14,86,58, ,72,7,0,0, ,0, ,0
473269,14898, ,1994,06,15,92,75, ,84,19,0,0, ,0, ,0
473269,14898, ,1994,06,16,93,70, ,82,17,0,0, ,0, ,0
473269,14898, ,1994,06,17,94,69, ,82,17,0,0, ,0, ,0
473269,14898, ,1994,06,18,93,69, ,81,16,0,0.01, ,0, ,0
473269,14898, ,1994,06,19,79,66, ,73,8,0,T,null,0, ,0
473269,14898, ,1994,06,20,86,65, ,76,11,0,0.04, ,0, ,0
473269,14898, ,1994,06,21,86,65, ,76,11,0,0, ,0, ,0
473269,14898, ,1994,06,22,87,61, ,74,9,0,0, ,0, ,0
473269,14898, ,1994,06,23,70,63, ,67,2,0,0.03, ,0, ,0
473269,14898, ,1994,06,24,72,57, ,65,0,0,0, ,0, ,0
473269,14898, ,1994,06,25,86,55, ,71,6,0,T,null,0, ,0
473269,14898, ,1994,06,26,75,56, ,66,1,0,0.15, ,0, ,0
473269,14898, ,1994,06,27,85,55, ,70,5,0,T,null,0, ,0
473269,14898, ,1994,06,28,80,61, ,71,6,0,1.02, ,0, ,0
473269,14898, ,1994,06,29,74,58, ,66,1,0,0, ,0, ,0
473269,14898, ,1994,06,30,79,55, ,67,2,0,0, ,0, ,0,67.9,79.6,56.2,94,40,154,59,2.84,0

473269,14898, ,1994,07,1,82,60, ,71,6,0,0, ,0, ,0
473269,14898, ,1994,07,2,72,56, ,64,0,1,0, ,0, ,0
473269,14898, ,1994,07,3,75,54, ,65,0,0,0, ,0, ,0
473269,14898, ,1994,07,4,85,64, ,75,10,0,2.52, ,0, ,0
473269,14898, ,1994,07,5,88,66, ,77,12,0,0.02, ,0, ,0
473269,14898, ,1994,07,6,88,69, ,79,14,0,0.43, ,0, ,0
473269,14898, ,1994,07,7,78,68, ,73,8,0,0.13, ,0, ,0
473269,14898, ,1994,07,8,83,64, ,74,9,0,0.30, ,0, ,0
473269,14898, ,1994,07,9,75,58, ,67,2,0,0.03, ,0, ,0
473269,14898, ,1994,07,10,76,51, ,64,0,1,0, ,0, ,0
473269,14898, ,1994,07,11,84,54, ,69,4,0,T,null,0, ,0
473269,14898, ,1994,07,12,84,63, ,74,9,0,0, ,0, ,0
473269,14898, ,1994,07,13,65,52, ,59,0,6,T,null,0, ,0
473269,14898, ,1994,07,14,62,58, ,60,0,5,0.21, ,0, ,0
473269,14898, ,1994,07,15,79,56, ,68,3,0,0, ,0, ,0
473269,14898, ,1994,07,16,82,58, ,70,5,0,T,null,0, ,0
473269,14898, ,1994,07,17,80,62, ,71,6,0,1.75, ,0, ,0
473269,14898, ,1994,07,18,83,61, ,72,7,0,0.04, ,0, ,0
473269,14898, ,1994,07,19,87,64, ,76,11,0,0.47, ,0, ,0
473269,14898, ,1994,07,20,84,70, ,77,12,0,0.09, ,0, ,0
473269,14898, ,1994,07,21,84,66, ,75,10,0,T,null,0, ,0
473269,14898, ,1994,07,22,79,63, ,71,6,0,T,null,0, ,0
473269,14898, ,1994,07,23,84,61, ,73,8,0,0.42, ,0, ,0
473269,14898, ,1994,07,24,80,58, ,69,4,0,0, ,0, ,0
473269,14898, ,1994,07,25,76,57, ,67,2,0,0.01, ,0, ,0
473269,14898, ,1994,07,26,70,55, ,63,0,2,T,null,0, ,0
473269,14898, ,1994,07,27,75,54, ,65,0,0,0, ,0, ,0
473269,14898, ,1994,07,28,79,53, ,66,1,0,0, ,0, ,0
473269,14898, ,1994,07,29,83,60, ,72,7,0,0.38, ,0, ,0
473269,14898, ,1994,07,30,81,62, ,72,7,0,0, ,0, ,0
473269,14898, ,1994,07,31,85,62, ,74,9,0,0.20, ,0, ,0,69.8,79.6,60.0,88,51,172,15,7.00,0

473269,14898, ,1994,09,1,67,42, ,55,0,10,0, ,0, ,0
473269,14898, ,1994,09,2,70,43, ,57,0,8,0, ,0, ,0
473269,14898, ,1994,09,3,71,50, ,61,0,4,0, ,0, ,0
473269,14898, ,1994,09,4,66,49, ,58,0,7,0, ,0, ,0
473269,14898, ,1994,09,5,64,55, ,60,0,5,0.07, ,0, ,0
473269,14898, ,1994,09,6,74,53, ,64,0,1,0, ,0, ,0
473269,14898, ,1994,09,7,77,51, ,64,0,1,0, ,0, ,0
473269,14898, ,1994,09,8,80,53, ,67,2,0,0, ,0, ,0
473269,14898, ,1994,09,9,74,51, ,63,0,2,0, ,0, ,0
473269,14898, ,1994,09,10,79,57, ,68,3,0,0, ,0, ,0
473269,14898, ,1994,09,11,86,58, ,72,7,0,0, ,0, ,0
473269,14898, ,1994,09,12,82,62, ,72,7,0,0, ,0, ,0
473269,14898, ,1994,09,13,84,67, ,76,11,0,0.32, ,0, ,0
473269,14898, ,1994,09,14,80,66, ,73,8,0,0, ,0, ,0
473269,14898, ,1994,09,15,88,67, ,78,13,0,0.02, ,0, ,0
473269,14898, ,1994,09,16,81,62, ,72,7,0,0.01, ,0, ,0
473269,14898, ,1994,09,17,76,52, ,64,0,1,0, ,0, ,0
473269,14898, ,1994,09,18,79,50, ,65,0,0,0, ,0, ,0
473269,14898, ,1994,09,19,80,50, ,65,0,0,0, ,0, ,0
473269,14898, ,1994,09,20,81,55, ,68,3,0,0, ,0, ,0
473269,14898, ,1994,09,21,82,57, ,70,5,0,0, ,0, ,0
473269,14898, ,1994,09,22,70,59, ,65,0,0,0.08, ,0, ,0
473269,14898, ,1994,09,23,76,59, ,68,3,0,T,null,0, ,0
473269,14898, ,1994,09,24,73,61, ,67,2,0,0.04, ,0, ,0
473269,14898, ,1994,09,25,69,51, ,60,0,5,0.19, ,0, ,0
473269,14898, ,1994,09,26,54,48, ,51,0,14,1.38, ,0, ,0
473269,14898, ,1994,09,27,55,50, ,53,0,12,0.07, ,0, ,0
473269,14898, ,1994,09,28,63,46, ,55,0,10,0.01, ,0, ,0
473269,14898, ,1994,09,29,65,41, ,53,0,12,0, ,0, ,0
473269,14898, ,1994,09,30,65,44, ,55,0,10,T,null,0, ,0,63.7,73.7,53.6,88,41,71,102,2.19,0

