COOPID,WBANID,Prelim,year,month,day,Tmax,Tmin,Tobs,Tmean,Cdd,Hdd,Prcp,Flag,Snow,Flag,Snwd,meanTmean,meanTmax,meanTmin,highTmax,lowTmin,sumCdd,sumHdd,sumprcp,sumsnow
473269,14898, ,2006,10,1,69,35, ,52,0,13,0.02, ,0, ,0
473269,14898, ,2006,10,2,76,59, ,68,3,0,T,null,0, ,0
473269,14898, ,2006,10,3,73,55, ,64,0,1,1.25, ,0, ,0
473269,14898, ,2006,10,4,63,42, ,53,0,12,0.25, ,0, ,0
473269,14898, ,2006,10,5,60,37, ,49,0,16,0, ,0, ,0
473269,14898, ,2006,10,6,63,33, ,48,0,17,0, ,0, ,0
473269,14898, ,2006,10,7,70,42, ,56,0,9,0, ,0, ,0
473269,14898, ,2006,10,8,77,48, ,63,0,2,0, ,0, ,0
473269,14898, ,2006,10,9,56,46, ,51,0,14,0, ,0, ,0
473269,14898, ,2006,10,10,52,40, ,46,0,19,0.25, ,0, ,0
473269,14898, ,2006,10,11,47,31, ,39,0,26,0.23, ,T,null,0
473269,14898, ,2006,10,12,37,27, ,32,0,33,T,null,T,null,0
473269,14898, ,2006,10,13,43,36, ,40,0,25,T,null,T,null,0
473269,14898, ,2006,10,14,44,31, ,38,0,27,0, ,0, ,0
473269,14898, ,2006,10,15,57,24, ,41,0,24,0, ,0, ,0
473269,14898, ,2006,10,16,52,45, ,49,0,16,0.29, ,0, ,0
473269,14898, ,2006,10,17,55,49, ,52,0,13,0.39, ,0, ,0
473269,14898, ,2006,10,18,55,39, ,47,0,18,0.18, ,0, ,0
473269,14898, ,2006,10,19,44,35, ,40,0,25,0, ,0, ,0
473269,14898, ,2006,10,20,46,33, ,40,0,25,0, ,0, ,0
473269,14898, ,2006,10,21,46,30, ,38,0,27,0.16, ,0, ,0
473269,14898, ,2006,10,22,42,33, ,38,0,27,0.05, ,0, ,0
473269,14898, ,2006,10,23,45,30, ,38,0,27,T,null,T,null,0
473269,14898, ,2006,10,24,46,25, ,36,0,29,0, ,0, ,0
473269,14898, ,2006,10,25,49,22, ,36,0,29,0, ,0, ,0
473269,14898, ,2006,10,26,50,26, ,38,0,27,0, ,0, ,0
473269,14898, ,2006,10,27,52,29, ,41,0,24,0.07, ,0, ,0
473269,14898, ,2006,10,28,50,33, ,42,0,23,T,null,0, ,0
473269,14898, ,2006,10,29,51,29, ,40,0,25,0, ,0, ,0
473269,14898, ,2006,10,30,63,31, ,47,0,18,0, ,0, ,0
473269,14898, ,2006,10,31,57,29, ,43,0,22,0, ,0, ,0,45.1,54.5,35.6,77,22,3,613,3.14,0

473269,14898, ,2006,11,1,39,23, ,31,0,34,0, ,0, ,0
473269,14898, ,2006,11,2,37,26, ,32,0,33,T,null,T,null,0
473269,14898, ,2006,11,3,37,21, ,29,0,36,0, ,0, ,0
473269,14898, ,2006,11,4,43,30, ,37,0,28,0.03, ,0, ,0
473269,14898, ,2006,11,5,57,32, ,45,0,20,0, ,0, ,0
473269,14898, ,2006,11,6,53,32, ,43,0,22,0, ,0, ,0
473269,14898, ,2006,11,7,55,37, ,46,0,19,0, ,0, ,0
473269,14898, ,2006,11,8,65,47, ,56,0,9,0.02, ,0, ,0
473269,14898, ,2006,11,9,58,34, ,46,0,19,0, ,0, ,0
473269,14898, ,2006,11,10,38,32, ,35,0,30,0.23, ,1.5, ,1
473269,14898, ,2006,11,11,38,31, ,35,0,30,0, ,0, ,T
473269,14898, ,2006,11,12,43,29, ,36,0,29,0, ,0, ,0
473269,14898, ,2006,11,13,38,36, ,37,0,28,0.03, ,0, ,0
473269,14898, ,2006,11,14,42,36, ,39,0,26,0, ,0, ,0
473269,14898, ,2006,11,15,47,33, ,40,0,25,0, ,0, ,0
473269,14898, ,2006,11,16,41,34, ,38,0,27,0, ,0, ,0
473269,14898, ,2006,11,17,41,35, ,38,0,27,0, ,0, ,0
473269,14898, ,2006,11,18,40,33, ,37,0,28,0, ,0, ,0
473269,14898, ,2006,11,19,43,29, ,36,0,29,0, ,0, ,0
473269,14898, ,2006,11,20,41,25, ,33,0,32,0, ,0, ,0
473269,14898, ,2006,11,21,51,32, ,42,0,23,0, ,0, ,0
473269,14898, ,2006,11,22,52,30, ,41,0,24,0, ,0, ,0
473269,14898, ,2006,11,23,54,29, ,42,0,23,0, ,0, ,0
473269,14898, ,2006,11,24,56,31, ,44,0,21,0, ,0, ,0
473269,14898, ,2006,11,25,52,34, ,43,0,22,0, ,0, ,0
473269,14898, ,2006,11,26,49,38, ,44,0,21,0.05, ,0, ,0
473269,14898, ,2006,11,27,44,40, ,42,0,23,0.25, ,0, ,0
473269,14898, ,2006,11,28,58,41, ,50,0,15,0.53, ,0, ,0
473269,14898, ,2006,11,29,58,33, ,46,0,19,0.09, ,0, ,0
473269,14898, ,2006,11,30,33,18, ,26,0,39,T,null,T,null,0,39.4,46.8,32.0,65,18,0,761,1.23,1.5

473269,14898, ,2006,12,1,31,19, ,25,0,40,0.08, ,1.1, ,0
473269,14898, ,2006,12,2,30,14, ,22,0,43,T,null,T,null,1
473269,14898, ,2006,12,3,22,12, ,17,0,48,T,null,T,null,1
473269,14898, ,2006,12,4,22,12, ,17,0,48,0.03, ,0.9, ,1
473269,14898, ,2006,12,5,26,2, ,14,0,51,0.01, ,0.2, ,2
473269,14898, ,2006,12,6,32,11, ,22,0,43,T,null,T,null,1
473269,14898, ,2006,12,7,19,8, ,14,0,51,0, ,0, ,1
473269,14898, ,2006,12,8,28,5, ,17,0,48,0, ,0, ,1
473269,14898, ,2006,12,9,35,20, ,28,0,37,0, ,0, ,T
473269,14898, ,2006,12,10,40,28, ,34,0,31,0.06, ,0, ,T
473269,14898, ,2006,12,11,41,22, ,32,0,33,T,null,0, ,0
473269,14898, ,2006,12,12,46,40, ,43,0,22,0.04, ,0, ,0
473269,14898, ,2006,12,13,45,33, ,39,0,26,T,null,0, ,0
473269,14898, ,2006,12,14,49,33, ,41,0,24,0.06, ,0, ,0
473269,14898, ,2006,12,15,44,28, ,36,0,29,T,null,0, ,0
473269,14898, ,2006,12,16,45,29, ,37,0,28,T,null,0, ,0
473269,14898, ,2006,12,17,42,32, ,37,0,28,0, ,0, ,0
473269,14898, ,2006,12,18,35,24, ,30,0,35,0, ,0, ,0
473269,14898, ,2006,12,19,42,22, ,32,0,33,0, ,0, ,0
473269,14898, ,2006,12,20,40,28, ,34,0,31,T,null,T,null,0
473269,14898, ,2006,12,21,37,29, ,33,0,32,0.25, ,0, ,0
473269,14898, ,2006,12,22,40,34, ,37,0,28,1.24, ,0.7, ,0
473269,14898, ,2006,12,23,39,32, ,36,0,29,0.01, ,T,null,1
473269,14898, ,2006,12,24,40,26, ,33,0,32,0, ,0, ,0
473269,14898, ,2006,12,25,34,30, ,32,0,33,0, ,0, ,0
473269,14898, ,2006,12,26,30,23, ,27,0,38,0, ,0, ,0
473269,14898, ,2006,12,27,37,22, ,30,0,35,T,null,0, ,0
473269,14898, ,2006,12,28,37,33, ,35,0,30,0.24, ,1.4, ,T
473269,14898, ,2006,12,29,38,34, ,36,0,29,0.01, ,0, ,1
473269,14898, ,2006,12,30,38,34, ,36,0,29,T,null,0, ,0
473269,14898, ,2006,12,31,48,38, ,43,0,22,0.85, ,0, ,0,30.5,36.5,24.4,49,2,0,1066,2.88,4.3

473269,14898, ,2007,01,1,44,31, ,38,0,27,0.02, ,0, ,0
473269,14898, ,2007,01,2,41,27, ,34,0,31,0, ,0, ,0
473269,14898, ,2007,01,3,46,33, ,40,0,25,0, ,0, ,0
473269,14898, ,2007,01,4,46,38, ,42,0,23,0, ,0, ,0
473269,14898, ,2007,01,5,47,37, ,42,0,23,T,null,0, ,0
473269,14898, ,2007,01,6,37,29, ,33,0,32,0, ,0, ,0
473269,14898, ,2007,01,7,41,28, ,35,0,30,0.10, ,0.1, ,T
473269,14898, ,2007,01,8,33,25, ,29,0,36,T,null,T,null,T
473269,14898, ,2007,01,9,25,18, ,22,0,43,0, ,0, ,0
473269,14898, ,2007,01,10,32,14, ,23,0,42,0, ,0, ,0
473269,14898, ,2007,01,11,44,30, ,37,0,28,0, ,0, ,0
473269,14898, ,2007,01,12,38,17, ,28,0,37,T,null,T,null,0
473269,14898, ,2007,01,13,24,14, ,19,0,46,T,null,T,null,0
473269,14898, ,2007,01,14,27,21, ,24,0,41,0.09, ,0.9, ,0
473269,14898, ,2007,01,15,23,15, ,19,0,46,0.19, ,3.1, ,3
473269,14898, ,2007,01,16,20,2, ,11,0,54,0, ,0, ,3
473269,14898, ,2007,01,17,19,2, ,11,0,54,0, ,0, ,3
473269,14898, ,2007,01,18,28,16, ,22,0,43,0.02, ,0.8, ,3
473269,14898, ,2007,01,19,25,4, ,15,0,50,T,null,T,null,3
473269,14898, ,2007,01,20,19,-3, ,8,0,57,0, ,0, ,3
473269,14898, ,2007,01,21,24,9, ,17,0,48,0.15, ,3.2, ,3
473269,14898, ,2007,01,22,28,19, ,24,0,41,T,null,T,null,5
473269,14898, ,2007,01,23,28,18, ,23,0,42,0, ,0, ,5
473269,14898, ,2007,01,24,24,9, ,17,0,48,0, ,0, ,5
473269,14898, ,2007,01,25,19,4, ,12,0,53,T,null,T,null,5
473269,14898, ,2007,01,26,34,16, ,25,0,40,T,null,T,null,3
473269,14898, ,2007,01,27,30,16, ,23,0,42,0, ,0, ,3
473269,14898, ,2007,01,28,20,5, ,13,0,52,T,null,T,null,3
473269,14898, ,2007,01,29,16,3, ,10,0,55,0.03, ,0.6, ,5
473269,14898, ,2007,01,30,23,5, ,14,0,51,0.03, ,0.9, ,5
473269,14898, ,2007,01,31,16,3, ,10,0,55,T,null,0.2, ,5,23.0,29.7,16.3,47,-3,0,1295,0.63,9.8

473269,14898, ,2007,02,1,22,9, ,16,0,49,T,null,0.1, ,5
473269,14898, ,2007,02,2,10,-1, ,5,0,60,T,null,T,null,5
473269,14898, ,2007,02,3,5,-10, ,-2,0,67,0.01, ,0.4, ,5
473269,14898, ,2007,02,4,-2,-12, ,-7,0,72,0, ,0, ,5
473269,14898, ,2007,02,5,4,-13, ,-4,0,69,0, ,0, ,5
473269,14898, ,2007,02,6,8,-14, ,-3,0,68,0, ,0, ,5
473269,14898, ,2007,02,7,17,-7, ,5,0,60,0, ,0, ,5
473269,14898, ,2007,02,8,19,-1, ,9,0,56,0, ,0, ,5
473269,14898, ,2007,02,9,17,-3, ,7,0,58,0, ,0, ,5
473269,14898, ,2007,02,10,15,-4, ,6,0,59,0, ,0, ,5
473269,14898, ,2007,02,11,23,6, ,15,0,50,0, ,0, ,5
473269,14898, ,2007,02,12,21,1, ,11,0,54,0, ,0, ,4
473269,14898, ,2007,02,13,17,5, ,11,0,54,T,null,T,null,4
473269,14898, ,2007,02,14,21,-1, ,10,0,55,0, ,0, ,4
473269,14898, ,2007,02,15,21,0, ,11,0,54,0, ,0, ,4
473269,14898, ,2007,02,16,20,1, ,11,0,54,0, ,0, ,4
473269,14898, ,2007,02,17,29,10, ,20,0,45,0.01, ,0.3, ,4
473269,14898, ,2007,02,18,21,7, ,14,0,51,0, ,0, ,3
473269,14898, ,2007,02,19,41,17, ,29,0,36,0, ,0, ,3
473269,14898, ,2007,02,20,40,24, ,32,0,33,0, ,0, ,2
473269,14898, ,2007,02,21,48,25, ,37,0,28,T,null,0, ,1
473269,14898, ,2007,02,22,42,20, ,31,0,34,0, ,0, ,T
473269,14898, ,2007,02,23,27,14, ,21,0,44,0, ,0, ,T
473269,14898, ,2007,02,24,31,23, ,27,0,38,0.09, ,1.3, ,1
473269,14898, ,2007,02,25,33,28, ,31,0,34,0.86, ,9.8, ,8
473269,14898, ,2007,02,26,33,25, ,29,0,36,0.31, ,3.9, ,14
473269,14898, ,2007,02,27,34,25, ,30,0,35,T,null,T,null,12
473269,14898, ,2007,02,28,36,28, ,32,0,33,0.11, ,2.2, ,9,15.3,23.3,7.2,48,-14,0,1386,1.39,18.0

473269,14898, ,2007,03,1,36,29, ,33,0,32,0.45, ,2.0, ,11
473269,14898, ,2007,03,2,35,26, ,31,0,34,0.17, ,2.3, ,11
473269,14898, ,2007,03,3,27,16, ,22,0,43,0.02, ,0.3, ,12
473269,14898, ,2007,03,4,31,10, ,21,0,44,0, ,0, ,11
473269,14898, ,2007,03,5,29,5, ,17,0,48,0, ,0, ,11
473269,14898, ,2007,03,6,15,-8, ,4,0,61,0.15, ,3.2, ,11
473269,14898, ,2007,03,7,22,-5, ,9,0,56,0.01, ,0.3, ,14
473269,14898, ,2007,03,8,28,-2, ,13,0,52,0, ,0, ,12
473269,14898, ,2007,03,9,44,23, ,34,0,31,T,null,0, ,11
473269,14898, ,2007,03,10,45,29, ,37,0,28,0, ,0, ,9
473269,14898, ,2007,03,11,45,20, ,33,0,32,T,null,0, ,7
473269,14898, ,2007,03,12,52,36, ,44,0,21,0.19, ,0, ,3
473269,14898, ,2007,03,13,60,39, ,50,0,15,0, ,0, ,3
473269,14898, ,2007,03,14,51,33, ,42,0,23,T,null,0, ,T
473269,14898, ,2007,03,15,35,20, ,28,0,37,T,null,T,null,0
473269,14898, ,2007,03,16,33,20, ,27,0,38,0, ,0, ,0
473269,14898, ,2007,03,17,40,18, ,29,0,36,0, ,0, ,0
473269,14898, ,2007,03,18,41,22, ,32,0,33,0.04, ,0.5, ,T
473269,14898, ,2007,03,19,49,26, ,38,0,27,0.03, ,0.3, ,0
473269,14898, ,2007,03,20,36,18, ,27,0,38,0, ,0, ,0
473269,14898, ,2007,03,21,59,34, ,47,0,18,0.73, ,0, ,0
473269,14898, ,2007,03,22,57,36, ,47,0,18,0.19, ,0, ,0
473269,14898, ,2007,03,23,58,32, ,45,0,20,0, ,0, ,0
473269,14898, ,2007,03,24,61,43, ,52,0,13,0, ,0, ,0
473269,14898, ,2007,03,25,73,49, ,61,0,4,0.09, ,0, ,0
473269,14898, ,2007,03,26,78,55, ,67,2,0,0.09, ,0, ,0
473269,14898, ,2007,03,27,59,40, ,50,0,15,0, ,0, ,0
473269,14898, ,2007,03,28,45,38, ,42,0,23,0.02, ,0, ,0
473269,14898, ,2007,03,29,56,40, ,48,0,17,0, ,0, ,0
473269,14898, ,2007,03,30,48,38, ,43,0,22,0.03, ,0, ,0
473269,14898, ,2007,03,31,54,39, ,47,0,18,0.53, ,0, ,0,35.8,45.2,26.4,78,-8,2,897,2.74,8.9

473269,14898, ,2007,04,1,57,43, ,50,0,15,0.16, ,0, ,0
473269,14898, ,2007,04,2,53,40, ,47,0,18,T,null,0, ,0
473269,14898, ,2007,04,3,44,40, ,42,0,23,0.07, ,0, ,0
473269,14898, ,2007,04,4,40,26, ,33,0,32,0.02, ,0.3, ,0
473269,14898, ,2007,04,5,36,22, ,29,0,36,T,null,T,null,0
473269,14898, ,2007,04,6,30,20, ,25,0,40,T,null,T,null,0
473269,14898, ,2007,04,7,32,21, ,27,0,38,0.03, ,0.5, ,1
473269,14898, ,2007,04,8,39,26, ,33,0,32,0, ,0, ,0
473269,14898, ,2007,04,9,40,23, ,32,0,33,0.12, ,1.3, ,T
473269,14898, ,2007,04,10,43,25, ,34,0,31,0, ,0, ,0
473269,14898, ,2007,04,11,37,32, ,35,0,30,0.30, ,3.2, ,0
473269,14898, ,2007,04,12,42,32, ,37,0,28,0.08, ,1.5, ,3
473269,14898, ,2007,04,13,53,30, ,42,0,23,0, ,0, ,0
473269,14898, ,2007,04,14,54,28, ,41,0,24,0, ,0, ,0
473269,14898, ,2007,04,15,55,30, ,43,0,22,0, ,0, ,0
473269,14898, ,2007,04,16,64,32, ,48,0,17,0, ,0, ,0
473269,14898, ,2007,04,17,57,36, ,47,0,18,0.01, ,0, ,0
473269,14898, ,2007,04,18,50,39, ,45,0,20,0.01, ,0, ,0
473269,14898, ,2007,04,19,64,37, ,51,0,14,0, ,0, ,0
473269,14898, ,2007,04,20,69,36, ,53,0,12,0, ,0, ,0
473269,14898, ,2007,04,21,74,40, ,57,0,8,0, ,0, ,0
473269,14898, ,2007,04,22,81,54, ,68,3,0,T,null,0, ,0
473269,14898, ,2007,04,23,66,48, ,57,0,8,0.11, ,0, ,0
473269,14898, ,2007,04,24,62,40, ,51,0,14,0, ,0, ,0
473269,14898, ,2007,04,25,53,44, ,49,0,16,0.01, ,0, ,0
473269,14898, ,2007,04,26,47,41, ,44,0,21,0.54, ,0, ,0
473269,14898, ,2007,04,27,62,42, ,52,0,13,0.08, ,0, ,0
473269,14898, ,2007,04,28,73,41, ,57,0,8,0, ,0, ,0
473269,14898, ,2007,04,29,85,43, ,64,0,1,T,null,0, ,0
473269,14898, ,2007,04,30,65,40, ,53,0,12,0.18, ,0, ,0,44.6,54.2,35.0,85,20,3,607,1.72,6.8

473269,14898, ,2007,05,1,70,46, ,58,0,7,0.55, ,0, ,0
473269,14898, ,2007,05,2,59,42, ,51,0,14,0, ,0, ,0
473269,14898, ,2007,05,3,65,42, ,54,0,11,0, ,0, ,0
473269,14898, ,2007,05,4,67,43, ,55,0,10,0, ,0, ,0
473269,14898, ,2007,05,5,63,49, ,56,0,9,T,null,0, ,0
473269,14898, ,2007,05,6,64,41, ,53,0,12,0, ,0, ,0
473269,14898, ,2007,05,7,74,50, ,62,0,3,0, ,0, ,0
473269,14898, ,2007,05,8,79,52, ,66,1,0,0, ,0, ,0
473269,14898, ,2007,05,9,75,52, ,64,0,1,0.01, ,0, ,0
473269,14898, ,2007,05,10,85,47, ,66,1,0,T,null,0, ,0
473269,14898, ,2007,05,11,66,49, ,58,0,7,0, ,0, ,0
473269,14898, ,2007,05,12,62,39, ,51,0,14,0, ,0, ,0
473269,14898, ,2007,05,13,65,36, ,51,0,14,0.05, ,0, ,0
473269,14898, ,2007,05,14,88,49, ,69,4,0,0.04, ,0, ,0
473269,14898, ,2007,05,15,68,47, ,58,0,7,0.64, ,0, ,0
473269,14898, ,2007,05,16,59,43, ,51,0,14,0, ,0, ,0
473269,14898, ,2007,05,17,66,39, ,53,0,12,T,null,0, ,0
473269,14898, ,2007,05,18,71,40, ,56,0,9,0, ,0, ,0
473269,14898, ,2007,05,19,80,43, ,62,0,3,0.02, ,0, ,0
473269,14898, ,2007,05,20,52,38, ,45,0,20,T,null,T,null,0
473269,14898, ,2007,05,21,65,46, ,56,0,9,0.09, ,0, ,0
473269,14898, ,2007,05,22,85,50, ,68,3,0,0, ,0, ,0
473269,14898, ,2007,05,23,86,65, ,76,11,0,T,null,0, ,0
473269,14898, ,2007,05,24,88,53, ,71,6,0,0.22, ,0, ,0
473269,14898, ,2007,05,25,70,47, ,59,0,6,0, ,0, ,0
473269,14898, ,2007,05,26,67,45, ,56,0,9,0.12, ,0, ,0
473269,14898, ,2007,05,27,71,50, ,61,0,4,0, ,0, ,0
473269,14898, ,2007,05,28,73,46, ,60,0,5,0, ,0, ,0
473269,14898, ,2007,05,29,86,54, ,70,5,0,0, ,0, ,0
473269,14898, ,2007,05,30,86,62, ,74,9,0,0.08, ,0, ,0
473269,14898, ,2007,05,31,80,61, ,71,6,0,0.57, ,0, ,0,59.7,72.1,47.3,88,36,46,200,2.39,0

473269,14898, ,2007,06,1,78,61, ,70,5,0,0.01, ,0, ,0
473269,14898, ,2007,06,2,74,60, ,67,2,0,0.35, ,0, ,0
473269,14898, ,2007,06,3,71,58, ,65,0,0,1.39, ,0, ,0
473269,14898, ,2007,06,4,67,53, ,60,0,5,0.25, ,0, ,0
473269,14898, ,2007,06,5,62,48, ,55,0,10,0.06, ,0, ,0
473269,14898, ,2007,06,6,71,45, ,58,0,7,0.07, ,0, ,0
473269,14898, ,2007,06,7,84,61, ,73,8,0,0.47, ,0, ,0
473269,14898, ,2007,06,8,73,51, ,62,0,3,0, ,0, ,0
473269,14898, ,2007,06,9,77,47, ,62,0,3,0, ,0, ,0
473269,14898, ,2007,06,10,82,59, ,71,6,0,T,null,0, ,0
473269,14898, ,2007,06,11,85,56, ,71,6,0,0, ,0, ,0
473269,14898, ,2007,06,12,84,56, ,70,5,0,0, ,0, ,0
473269,14898, ,2007,06,13,85,56, ,71,6,0,0, ,0, ,0
473269,14898, ,2007,06,14,87,58, ,73,8,0,0, ,0, ,0
473269,14898, ,2007,06,15,89,59, ,74,9,0,0, ,0, ,0
473269,14898, ,2007,06,16,83,66, ,75,10,0,T,null,0, ,0
473269,14898, ,2007,06,17,85,64, ,75,10,0,0, ,0, ,0
473269,14898, ,2007,06,18,86,65, ,76,11,0,0.98, ,0, ,0
473269,14898, ,2007,06,19,74,54, ,64,0,1,0, ,0, ,0
473269,14898, ,2007,06,20,84,50, ,67,2,0,0.13, ,0, ,0
473269,14898, ,2007,06,21,76,55, ,66,1,0,T,null,0, ,0
473269,14898, ,2007,06,22,76,51, ,64,0,1,0, ,0, ,0
473269,14898, ,2007,06,23,79,49, ,64,0,1,0, ,0, ,0
473269,14898, ,2007,06,24,81,55, ,68,3,0,0, ,0, ,0
473269,14898, ,2007,06,25,85,60, ,73,8,0,0, ,0, ,0
473269,14898, ,2007,06,26,90,67, ,79,14,0,T,null,0, ,0
473269,14898, ,2007,06,27,85,64, ,75,10,0,0, ,0, ,0
473269,14898, ,2007,06,28,68,49, ,59,0,6,0, ,0, ,0
473269,14898, ,2007,06,29,77,45, ,61,0,4,0, ,0, ,0
473269,14898, ,2007,06,30,78,50, ,64,0,1,0, ,0, ,0,67.5,79.2,55.7,90,45,124,42,3.71,0

473269,14898, ,2007,07,1,71,49, ,60,0,5,0, ,0, ,0
473269,14898, ,2007,07,2,74,49, ,62,0,3,0.02, ,0, ,0
473269,14898, ,2007,07,3,75,59, ,67,2,0,1.09, ,0, ,0
473269,14898, ,2007,07,4,84,62, ,73,8,0,0, ,0, ,0
473269,14898, ,2007,07,5,85,60, ,73,8,0,0.35, ,0, ,0
473269,14898, ,2007,07,6,83,58, ,71,6,0,0, ,0, ,0
473269,14898, ,2007,07,7,88,60, ,74,9,0,0, ,0, ,0
473269,14898, ,2007,07,8,93,72, ,83,18,0,0, ,0, ,0
473269,14898, ,2007,07,9,84,64, ,74,9,0,0.46, ,0, ,0
473269,14898, ,2007,07,10,85,61, ,73,8,0,0.02, ,0, ,0
473269,14898, ,2007,07,11,75,53, ,64,0,1,0.07, ,0, ,0
473269,14898, ,2007,07,12,75,53, ,64,0,1,0.31, ,0, ,0
473269,14898, ,2007,07,13,72,51, ,62,0,3,T,null,0, ,0
473269,14898, ,2007,07,14,76,54, ,65,0,0,0.02, ,0, ,0
473269,14898, ,2007,07,15,79,51, ,65,0,0,0, ,0, ,0
473269,14898, ,2007,07,16,74,60, ,67,2,0,0.01, ,0, ,0
473269,14898, ,2007,07,17,83,57, ,70,5,0,0.01, ,0, ,0
473269,14898, ,2007,07,18,83,64, ,74,9,0,T,null,0, ,0
473269,14898, ,2007,07,19,75,52, ,64,0,1,0, ,0, ,0
473269,14898, ,2007,07,20,76,49, ,63,0,2,0, ,0, ,0
473269,14898, ,2007,07,21,77,47, ,62,0,3,0, ,0, ,0
473269,14898, ,2007,07,22,80,51, ,66,1,0,0, ,0, ,0
473269,14898, ,2007,07,23,83,57, ,70,5,0,0, ,0, ,0
473269,14898, ,2007,07,24,87,66, ,77,12,0,0, ,0, ,0
473269,14898, ,2007,07,25,90,65, ,78,13,0,0, ,0, ,0
473269,14898, ,2007,07,26,85,68, ,77,12,0,0.05, ,0, ,0
473269,14898, ,2007,07,27,80,59, ,70,5,0,0, ,0, ,0
473269,14898, ,2007,07,28,85,58, ,72,7,0,0, ,0, ,0
473269,14898, ,2007,07,29,89,55, ,72,7,0,0, ,0, ,0
473269,14898, ,2007,07,30,90,60, ,75,10,0,0, ,0, ,0
473269,14898, ,2007,07,31,91,62, ,77,12,0,0, ,0, ,0,69.6,81.5,57.6,93,47,168,19,2.41,0

473269,14898, ,2007,08,1,91,64, ,78,13,0,0, ,0, ,0
473269,14898, ,2007,08,2,89,59, ,74,9,0,0, ,0, ,0
473269,14898, ,2007,08,3,86,56, ,71,6,0,0, ,0, ,0
473269,14898, ,2007,08,4,81,59, ,70,5,0,0, ,0, ,0
473269,14898, ,2007,08,5,75,58, ,67,2,0,0.01, ,0, ,0
473269,14898, ,2007,08,6,88,62, ,75,10,0,0, ,0, ,0
473269,14898, ,2007,08,7,87,69, ,78,13,0,T,null,0, ,0
473269,14898, ,2007,08,8,81,58, ,70,5,0,0, ,0, ,0
473269,14898, ,2007,08,9,86,58, ,72,7,0,T,null,0, ,0
473269,14898, ,2007,08,10,89,62, ,76,11,0,0, ,0, ,0
473269,14898, ,2007,08,11,89,62, ,76,11,0,T,null,0, ,0
473269,14898, ,2007,08,12,89,65, ,77,12,0,0.43, ,0, ,0
473269,14898, ,2007,08,13,82,55, ,69,4,0,0, ,0, ,0
473269,14898, ,2007,08,14,80,62, ,71,6,0,0.04, ,0, ,0
473269,14898, ,2007,08,15,77,58, ,68,3,0,T,null,0, ,0
473269,14898, ,2007,08,16,81,57, ,69,4,0,0, ,0, ,0
473269,14898, ,2007,08,17,78,49, ,64,0,1,0, ,0, ,0
473269,14898, ,2007,08,18,66,46, ,56,0,9,0.38, ,0, ,0
473269,14898, ,2007,08,19,62,58, ,60,0,5,0.88, ,0, ,0
473269,14898, ,2007,08,20,65,61, ,63,0,2,0.36, ,0, ,0
473269,14898, ,2007,08,21,73,62, ,68,3,0,0.02, ,0, ,0
473269,14898, ,2007,08,22,80,65, ,73,8,0,0.22, ,0, ,0
473269,14898, ,2007,08,23,78,64, ,71,6,0,T,null,0, ,0
473269,14898, ,2007,08,24,70,64, ,67,2,0,0.12, ,0, ,0
473269,14898, ,2007,08,25,77,54, ,66,1,0,0.01, ,0, ,0
473269,14898, ,2007,08,26,79,50, ,65,0,0,0, ,0, ,0
473269,14898, ,2007,08,27,77,57, ,67,2,0,0.06, ,0, ,0
473269,14898, ,2007,08,28,90,70, ,80,15,0,0.16, ,0, ,0
473269,14898, ,2007,08,29,74,59, ,67,2,0,0.03, ,0, ,0
473269,14898, ,2007,08,30,76,50, ,63,0,2,0, ,0, ,0
473269,14898, ,2007,08,31,79,49, ,64,0,1,0, ,0, ,0,69.3,79.8,58.8,91,46,160,20,2.72,0

473269,14898, ,2007,09,1,81,55, ,68,3,0,0, ,0, ,0
473269,14898, ,2007,09,2,84,55, ,70,5,0,0, ,0, ,0
473269,14898, ,2007,09,3,83,55, ,69,4,0,0, ,0, ,0
473269,14898, ,2007,09,4,89,63, ,76,11,0,0, ,0, ,0
473269,14898, ,2007,09,5,92,62, ,77,12,0,0, ,0, ,0
473269,14898, ,2007,09,6,86,69, ,78,13,0,0.21, ,0, ,0
473269,14898, ,2007,09,7,80,54, ,67,2,0,1.43, ,0, ,0
473269,14898, ,2007,09,8,78,53, ,66,1,0,0, ,0, ,0
473269,14898, ,2007,09,9,70,53, ,62,0,3,T,null,0, ,0
473269,14898, ,2007,09,10,56,41, ,49,0,16,0.18, ,0, ,0
473269,14898, ,2007,09,11,65,41, ,53,0,12,0.01, ,0, ,0
473269,14898, ,2007,09,12,62,38, ,50,0,15,0, ,0, ,0
473269,14898, ,2007,09,13,76,46, ,61,0,4,0.02, ,0, ,0
473269,14898, ,2007,09,14,55,36, ,46,0,19,T,null,0, ,0
473269,14898, ,2007,09,15,59,32, ,46,0,19,0, ,0, ,0
473269,14898, ,2007,09,16,68,36, ,52,0,13,0, ,0, ,0
473269,14898, ,2007,09,17,73,50, ,62,0,3,0.02, ,0, ,0
473269,14898, ,2007,09,18,84,58, ,71,6,0,0, ,0, ,0
473269,14898, ,2007,09,19,78,57, ,68,3,0,0, ,0, ,0
473269,14898, ,2007,09,20,73,54, ,64,0,1,0, ,0, ,0
473269,14898, ,2007,09,21,86,54, ,70,5,0,0.46, ,0, ,0
473269,14898, ,2007,09,22,75,48, ,62,0,3,0, ,0, ,0
473269,14898, ,2007,09,23,80,44, ,62,0,3,0, ,0, ,0
473269,14898, ,2007,09,24,88,60, ,74,9,0,0.08, ,0, ,0
473269,14898, ,2007,09,25,75,51, ,63,0,2,0.58, ,0, ,0
473269,14898, ,2007,09,26,63,47, ,55,0,10,0, ,0, ,0
473269,14898, ,2007,09,27,71,46, ,59,0,6,0.01, ,0, ,0
473269,14898, ,2007,09,28,70,45, ,58,0,7,0, ,0, ,0
473269,14898, ,2007,09,29,70,42, ,56,0,9,0, ,0, ,0
473269,14898, ,2007,09,30,80,61, ,71,6,0,0.16, ,0, ,0,62.6,75.0,50.2,92,32,80,145,3.16,0

473269,14898, ,2007,10,1,67,62, ,65,0,0,0.21, ,0, ,0
473269,14898, ,2007,10,2,68,57, ,63,0,2,0.39, ,0, ,0
473269,14898, ,2007,10,3,72,48, ,60,0,5,T,null,0, ,0
473269,14898, ,2007,10,4,78,49, ,64,0,1,0, ,0, ,0
473269,14898, ,2007,10,5,86,56, ,71,6,0,0.08, ,0, ,0
473269,14898, ,2007,10,6,87,69, ,78,13,0,T,null,0, ,0
473269,14898, ,2007,10,7,86,64, ,75,10,0,0, ,0, ,0
473269,14898, ,2007,10,8,86,50, ,68,3,0,T,null,0, ,0
473269,14898, ,2007,10,9,65,44, ,55,0,10,0, ,0, ,0
473269,14898, ,2007,10,10,52,43, ,48,0,17,0.11, ,0, ,0
473269,14898, ,2007,10,11,54,35, ,45,0,20,0, ,0, ,0
473269,14898, ,2007,10,12,50,30, ,40,0,25,0, ,0, ,0
473269,14898, ,2007,10,13,59,32, ,46,0,19,0, ,0, ,0
473269,14898, ,2007,10,14,51,32, ,42,0,23,0.16, ,0, ,0
473269,14898, ,2007,10,15,56,49, ,53,0,12,0.10, ,0, ,0
473269,14898, ,2007,10,16,63,52, ,58,0,7,1.51, ,0, ,0
473269,14898, ,2007,10,17,67,51, ,59,0,6,0.17, ,0, ,0
473269,14898, ,2007,10,18,73,57, ,65,0,0,0.81, ,T,null,0
473269,14898, ,2007,10,19,60,53, ,57,0,8,0.04, ,0, ,0
473269,14898, ,2007,10,20,68,48, ,58,0,7,0, ,0, ,0
473269,14898, ,2007,10,21,74,57, ,66,1,0,0, ,0, ,0
473269,14898, ,2007,10,22,63,44, ,54,0,11,T,null,0, ,0
473269,14898, ,2007,10,23,58,35, ,47,0,18,0.01, ,0, ,0
473269,14898, ,2007,10,24,52,32, ,42,0,23,0, ,0, ,0
473269,14898, ,2007,10,25,56,30, ,43,0,22,0, ,0, ,0
473269,14898, ,2007,10,26,53,34, ,44,0,21,0.01, ,0, ,0
473269,14898, ,2007,10,27,55,37, ,46,0,19,0.02, ,0, ,0
473269,14898, ,2007,10,28,52,29, ,41,0,24,0, ,0, ,0
473269,14898, ,2007,10,29,61,38, ,50,0,15,T,null,0, ,0
473269,14898, ,2007,10,30,67,43, ,55,0,10,0, ,0, ,0
473269,14898, ,2007,10,31,58,40, ,49,0,16,T,null,0, ,0,54.8,64.4,45.2,87,29,33,341,3.62,0

473269,14898, ,2007,11,1,51,33, ,42,0,23,0, ,0, ,0
473269,14898, ,2007,11,2,56,33, ,45,0,20,0, ,0, ,0
473269,14898, ,2007,11,3,51,32, ,42,0,23,0, ,0, ,0
473269,14898, ,2007,11,4,49,32, ,41,0,24,0.02, ,0, ,0
473269,14898, ,2007,11,5,49,36, ,43,0,22,0.01, ,0, ,0
473269,14898, ,2007,11,6,43,28, ,36,0,29,T,null,T,null,0
473269,14898, ,2007,11,7,38,24, ,31,0,34,T,null,T,null,0
473269,14898, ,2007,11,8,47,35, ,41,0,24,T,null,T,null,0
473269,14898, ,2007,11,9,44,29, ,37,0,28,0, ,0, ,0
473269,14898, ,2007,11,10,46,25, ,36,0,29,0, ,0, ,0
473269,14898, ,2007,11,11,53,45, ,49,0,16,0, ,0, ,0
473269,14898, ,2007,11,12,57,34, ,46,0,19,0, ,0, ,0
473269,14898, ,2007,11,13,54,27, ,41,0,24,0, ,0, ,0
473269,14898, ,2007,11,14,50,37, ,44,0,21,0, ,0, ,0
473269,14898, ,2007,11,15,38,24, ,31,0,34,T,null,T,null,0
473269,14898, ,2007,11,16,36,22, ,29,0,36,T,null,T,null,0
473269,14898, ,2007,11,17,37,29, ,33,0,32,T,null,T,null,0
473269,14898, ,2007,11,18,44,23, ,34,0,31,T,null,0, ,0
473269,14898, ,2007,11,19,46,39, ,43,0,22,0.01, ,0, ,0
473269,14898, ,2007,11,20,46,28, ,37,0,28,0.04, ,0, ,0
473269,14898, ,2007,11,21,40,29, ,35,0,30,T,null,0.1, ,0
473269,14898, ,2007,11,22,33,21, ,27,0,38,T,null,T,null,T
473269,14898, ,2007,11,23,32,16, ,24,0,41,0, ,0, ,0
473269,14898, ,2007,11,24,39,27, ,33,0,32,0, ,0, ,0
473269,14898, ,2007,11,25,41,29, ,35,0,30,0, ,0, ,0
473269,14898, ,2007,11,26,39,25, ,32,0,33,0, ,0, ,0
473269,14898, ,2007,11,27,32,14, ,23,0,42,0.01, ,0.3, ,T
473269,14898, ,2007,11,28,38,14, ,26,0,39,0.01, ,0.1, ,0
473269,14898, ,2007,11,29,26,14, ,20,0,45,T,null,T,null,0
473269,14898, ,2007,11,30,21,9, ,15,0,50,0.01, ,0.2, ,0,34.8,42.5,27.1,57,9,0,899,0.11,0.7

473269,14898, ,2007,12,1,34,7, ,21,0,44,0.57, ,6.0, ,0
473269,14898, ,2007,12,2,37,30, ,34,0,31,0.09, ,0.4, ,5
473269,14898, ,2007,12,3,32,22, ,27,0,38,T,null,T,null,5
473269,14898, ,2007,12,4,26,17, ,22,0,43,0.09, ,1.7, ,5
473269,14898, ,2007,12,5,21,2, ,12,0,53,0.03, ,0.5, ,7
473269,14898, ,2007,12,6,23,-7, ,8,0,57,0.03, ,0.6, ,7
473269,14898, ,2007,12,7,27,7, ,17,0,48,0.01, ,0.2, ,8
473269,14898, ,2007,12,8,17,0, ,9,0,56,T,null,T,null,8
473269,14898, ,2007,12,9,20,16, ,18,0,47,T,null,T,null,7
473269,14898, ,2007,12,10,26,5, ,16,0,49,0, ,0, ,7
473269,14898, ,2007,12,11,29,22, ,26,0,39,0.01, ,0.1, ,7
473269,14898, ,2007,12,12,22,3, ,13,0,52,0, ,0, ,7
473269,14898, ,2007,12,13,33,17, ,25,0,40,T,null,0.1, ,7
473269,14898, ,2007,12,14,20,5, ,13,0,52,0, ,0, ,7
473269,14898, ,2007,12,15,26,8, ,17,0,48,0.06, ,1.1, ,6
473269,14898, ,2007,12,16,26,14, ,20,0,45,T,null,T,null,7
473269,14898, ,2007,12,17,21,16, ,19,0,46,0, ,0, ,7
473269,14898, ,2007,12,18,34,12, ,23,0,42,0, ,0, ,7
473269,14898, ,2007,12,19,32,14, ,23,0,42,0, ,0, ,7
473269,14898, ,2007,12,20,37,13, ,25,0,40,0, ,0, ,6
473269,14898, ,2007,12,21,37,35, ,36,0,29,T,null,0, ,6
473269,14898, ,2007,12,22,42,36, ,39,0,26,0.24, ,0, ,4
473269,14898, ,2007,12,23,46,13, ,30,0,35,0.77, ,6.4, ,1
473269,14898, ,2007,12,24,24,14, ,19,0,46,0, ,0, ,7
473269,14898, ,2007,12,25,35,11, ,23,0,42,0, ,0, ,6
473269,14898, ,2007,12,26,40,20, ,30,0,35,0.07, ,0.8, ,5
473269,14898, ,2007,12,27,33,15, ,24,0,41,0.10, ,1.2, ,6
473269,14898, ,2007,12,28,30,19, ,25,0,40,0.41, ,3.8, ,5
473269,14898, ,2007,12,29,24,14, ,19,0,46,T,null,T,null,8
473269,14898, ,2007,12,30,24,13, ,19,0,46,0.05, ,1.0, ,7
473269,14898, ,2007,12,31,25,18, ,22,0,43,0.01, ,0.2, ,7,21.5,29.1,13.9,46,-7,0,1341,2.54,24.1

473269,14898, ,2008,01,1,23,6, ,15,0,50,0.01, ,0.2, ,7
473269,14898, ,2008,01,2,20,-2, ,9,0,56,T,null,0.1, ,7
473269,14898, ,2008,01,3,20,-4, ,8,0,57,0, ,0, ,7
473269,14898, ,2008,01,4,29,16, ,23,0,42,0, ,0, ,7
473269,14898, ,2008,01,5,39,25, ,32,0,33,T,null,0, ,7
473269,14898, ,2008,01,6,43,36, ,40,0,25,T,null,0, ,4
473269,14898, ,2008,01,7,40,35, ,38,0,27,0.79, ,0, ,1
473269,14898, ,2008,01,8,38,34, ,36,0,29,0.89, ,0.3, ,T
473269,14898, ,2008,01,9,37,28, ,33,0,32,0, ,0, ,0
473269,14898, ,2008,01,10,40,28, ,34,0,31,0.05, ,0.8, ,1
473269,14898, ,2008,01,11,35,27, ,31,0,34,0.15, ,1.8, ,3
473269,14898, ,2008,01,12,31,26, ,29,0,36,0.18, ,3.0, ,1
473269,14898, ,2008,01,13,34,29, ,32,0,33,0.46, ,5.3, ,5
473269,14898, ,2008,01,14,29,16, ,23,0,42,T,null,T,null,8
473269,14898, ,2008,01,15,25,18, ,22,0,43,T,null,T,null,7
473269,14898, ,2008,01,16,32,13, ,23,0,42,0.01, ,0.1, ,7
473269,14898, ,2008,01,17,32,7, ,20,0,45,0.32, ,4.9, ,8
473269,14898, ,2008,01,18,14,-1, ,7,0,58,T,null,T,null,10
473269,14898, ,2008,01,19,-1,-13, ,-7,0,72,0, ,0, ,10
473269,14898, ,2008,01,20,1,-14, ,-6,0,71,0, ,0, ,9
473269,14898, ,2008,01,21,8,-6, ,1,0,64,0.15, ,2.6, ,8
473269,14898, ,2008,01,22,11,1, ,6,0,59,0.06, ,0.9, ,11
473269,14898, ,2008,01,23,9,-12, ,-1,0,66,0, ,0, ,11
473269,14898, ,2008,01,24,6,-8, ,-1,0,66,0, ,0, ,11
473269,14898, ,2008,01,25,16,-7, ,5,0,60,0.07, ,1.0, ,11
473269,14898, ,2008,01,26,25,11, ,18,0,47,0.09, ,1.8, ,12
473269,14898, ,2008,01,27,21,11, ,16,0,49,T,null,T,null,11
473269,14898, ,2008,01,28,45,11, ,28,0,37,T,null,0, ,10
473269,14898, ,2008,01,29,40,2, ,21,0,44,0.39, ,5.0, ,8
473269,14898, ,2008,01,30,2,-12, ,-5,0,70,0.02, ,0.4, ,10
473269,14898, ,2008,01,31,14,-6, ,4,0,61,0.01, ,0.3, ,9,17.0,24.5,9.5,45,-14,0,1481,3.65,28.5

473269,14898, ,2008,02,1,28,14, ,21,0,44,0.02, ,0.3, ,9
473269,14898, ,2008,02,2,29,20, ,25,0,40,0.18, ,2.1, ,8
473269,14898, ,2008,02,3,32,28, ,30,0,35,0, ,0, ,10
473269,14898, ,2008,02,4,34,31, ,33,0,32,0.27, ,1.4, ,9
473269,14898, ,2008,02,5,36,29, ,33,0,32,T,null,T,null,9
473269,14898, ,2008,02,6,29,14, ,22,0,43,0.01, ,0.2, ,8
473269,14898, ,2008,02,7,25,4, ,15,0,50,0, ,0, ,8
473269,14898, ,2008,02,8,27,6, ,17,0,48,0.08, ,1.0, ,8
473269,14898, ,2008,02,9,29,4, ,17,0,48,0.01, ,0.2, ,9
473269,14898, ,2008,02,10,4,-10, ,-3,0,68,T,null,T,null,9
473269,14898, ,2008,02,11,9,-10, ,0,0,65,T,null,T,null,9
473269,14898, ,2008,02,12,20,3, ,12,0,53,0.02, ,0.7, ,9
473269,14898, ,2008,02,13,21,3, ,12,0,53,0, ,0, ,9
473269,14898, ,2008,02,14,23,16, ,20,0,45,0.26, ,5.0, ,9
473269,14898, ,2008,02,15,17,-4, ,7,0,58,0.01, ,0.6, ,13
473269,14898, ,2008,02,16,22,8, ,15,0,50,T,null,T,null,13
473269,14898, ,2008,02,17,32,13, ,23,0,42,1.09, ,6.6, ,12
473269,14898, ,2008,02,18,28,11, ,20,0,45,0.13, ,2.5, ,18
473269,14898, ,2008,02,19,12,-5, ,4,0,61,T,null,T,null,18
473269,14898, ,2008,02,20,14,-11, ,2,0,63,0, ,0, ,18
473269,14898, ,2008,02,21,13,-18, ,-2,0,67,0, ,0, ,18
473269,14898, ,2008,02,22,22,-4, ,9,0,56,0, ,0, ,18
473269,14898, ,2008,02,23,26,-6, ,10,0,55,0, ,0, ,17
473269,14898, ,2008,02,24,31,7, ,19,0,46,0, ,0, ,16
473269,14898, ,2008,02,25,36,28, ,32,0,33,0.01, ,0.1, ,16
473269,14898, ,2008,02,26,31,19, ,25,0,40,T,null,T,null,15
473269,14898, ,2008,02,27,22,7, ,15,0,50,0, ,0, ,15
473269,14898, ,2008,02,28,24,-5, ,10,0,55,0.02, ,0.3, ,15
473269,14898, ,2008,02,29,32,21, ,27,0,38,0.19, ,3.5, ,18,15.9,24.4,7.3,36,-18,0,1415,2.30,24.5

473269,14898, ,2008,03,1,24,8, ,16,0,49,0, ,0, ,17
473269,14898, ,2008,03,2,45,22, ,34,0,31,0.78, ,0, ,16
473269,14898, ,2008,03,3,43,13, ,28,0,37,0.18, ,1.6, ,12
473269,14898, ,2008,03,4,24,8, ,16,0,49,0, ,0, ,12
473269,14898, ,2008,03,5,29,16, ,23,0,42,T,null,T,null,12
473269,14898, ,2008,03,6,28,6, ,17,0,48,T,null,0.1, ,12
473269,14898, ,2008,03,7,18,-4, ,7,0,58,0, ,0, ,12
473269,14898, ,2008,03,8,20,-1, ,10,0,55,0, ,0, ,12
473269,14898, ,2008,03,9,27,1, ,14,0,51,0, ,0, ,12
473269,14898, ,2008,03,10,32,1, ,17,0,48,0, ,0, ,11
473269,14898, ,2008,03,11,42,21, ,32,0,33,0, ,0, ,11
473269,14898, ,2008,03,12,35,18, ,27,0,38,0.09, ,0.8, ,10
473269,14898, ,2008,03,13,48,32, ,40,0,25,0.04, ,0.3, ,11
473269,14898, ,2008,03,14,42,29, ,36,0,29,0, ,0, ,8
473269,14898, ,2008,03,15,35,22, ,29,0,36,0, ,0, ,7
473269,14898, ,2008,03,16,30,16, ,23,0,42,0, ,0, ,6
473269,14898, ,2008,03,17,36,14, ,25,0,40,0.05, ,0.2, ,6
473269,14898, ,2008,03,18,39,33, ,36,0,29,0.10, ,0.5, ,5
473269,14898, ,2008,03,19,44,27, ,36,0,29,0, ,0, ,5
473269,14898, ,2008,03,20,39,24, ,32,0,33,0, ,0, ,3
473269,14898, ,2008,03,21,32,26, ,29,0,36,0, ,0, ,2
473269,14898, ,2008,03,22,37,21, ,29,0,36,0, ,0, ,2
473269,14898, ,2008,03,23,36,20, ,28,0,37,T,null,T,null,2
473269,14898, ,2008,03,24,35,15, ,25,0,40,0.03, ,0.3, ,1
473269,14898, ,2008,03,25,46,31, ,39,0,26,0.04, ,0.5, ,1
473269,14898, ,2008,03,26,46,30, ,38,0,27,0, ,0, ,T
473269,14898, ,2008,03,27,36,27, ,32,0,33,0, ,0, ,T
473269,14898, ,2008,03,28,39,23, ,31,0,34,0, ,0, ,T
473269,14898, ,2008,03,29,43,25, ,34,0,31,0, ,0, ,T
473269,14898, ,2008,03,30,44,35, ,40,0,25,0, ,0, ,T
473269,14898, ,2008,03,31,39,35, ,37,0,28,1.21, ,T,null,0,27.5,35.9,19.2,48,-4,0,1155,2.52,4.3

473269,14898, ,2008,04,1,43,28, ,36,0,29,0.02, ,0.3, ,T
473269,14898, ,2008,04,2,49,28, ,39,0,26,0, ,0, ,0
473269,14898, ,2008,04,3,52,35, ,44,0,21,0, ,0, ,0
473269,14898, ,2008,04,4,57,35, ,46,0,19,0, ,0, ,0
473269,14898, ,2008,04,5,66,40, ,53,0,12,0, ,0, ,0
473269,14898, ,2008,04,6,61,40, ,51,0,14,0.02, ,0, ,0
473269,14898, ,2008,04,7,49,40, ,45,0,20,0.05, ,0, ,0
473269,14898, ,2008,04,8,42,34, ,38,0,27,0.88, ,0.9, ,0
473269,14898, ,2008,04,9,45,34, ,40,0,25,0.30, ,0.5, ,1
473269,14898, ,2008,04,10,41,35, ,38,0,27,0.78, ,0.3, ,0
473269,14898, ,2008,04,11,42,37, ,40,0,25,0.64, ,0, ,0
473269,14898, ,2008,04,12,37,33, ,35,0,30,0.26, ,2.0, ,2
473269,14898, ,2008,04,13,44,30, ,37,0,28,0, ,0, ,T
473269,14898, ,2008,04,14,52,30, ,41,0,24,0, ,0, ,0
473269,14898, ,2008,04,15,58,35, ,47,0,18,0, ,0, ,0
473269,14898, ,2008,04,16,71,45, ,58,0,7,0, ,0, ,0
473269,14898, ,2008,04,17,61,45, ,53,0,12,T,null,0, ,0
473269,14898, ,2008,04,18,50,42, ,46,0,19,0.25, ,0, ,0
473269,14898, ,2008,04,19,57,43, ,50,0,15,T,null,0, ,0
473269,14898, ,2008,04,20,65,44, ,55,0,10,0, ,0, ,0
473269,14898, ,2008,04,21,70,42, ,56,0,9,0, ,0, ,0
473269,14898, ,2008,04,22,67,52, ,60,0,5,0.07, ,0, ,0
473269,14898, ,2008,04,23,72,42, ,57,0,8,0, ,0, ,0
473269,14898, ,2008,04,24,66,46, ,56,0,9,0.31, ,0, ,0
473269,14898, ,2008,04,25,73,49, ,61,0,4,0.88, ,0, ,0
473269,14898, ,2008,04,26,49,38, ,44,0,21,T,null,T,null,0
473269,14898, ,2008,04,27,51,34, ,43,0,22,0, ,0, ,0
473269,14898, ,2008,04,28,44,34, ,39,0,26,0.15, ,1.3, ,0
473269,14898, ,2008,04,29,47,30, ,39,0,26,0, ,0, ,0
473269,14898, ,2008,04,30,56,32, ,44,0,21,0, ,0, ,0,46.2,54.6,37.7,73,28,0,559,4.61,5.3

473269,14898, ,2008,05,1,62,39, ,51,0,14,0.09, ,0, ,0
473269,14898, ,2008,05,2,55,48, ,52,0,13,0.10, ,0, ,0
473269,14898, ,2008,05,3,54,39, ,47,0,18,T,null,0, ,0
473269,14898, ,2008,05,4,64,32, ,48,0,17,0, ,0, ,0
473269,14898, ,2008,05,5,67,48, ,58,0,7,0, ,0, ,0
473269,14898, ,2008,05,6,77,42, ,60,0,5,0.02, ,0, ,0
473269,14898, ,2008,05,7,66,45, ,56,0,9,0.08, ,0, ,0
473269,14898, ,2008,05,8,61,39, ,50,0,15,0, ,0, ,0
473269,14898, ,2008,05,9,57,45, ,51,0,14,T,null,0, ,0
473269,14898, ,2008,05,10,60,37, ,49,0,16,0.03, ,0, ,0
473269,14898, ,2008,05,11,59,41, ,50,0,15,0.06, ,0, ,0
473269,14898, ,2008,05,12,61,36, ,49,0,16,0, ,0, ,0
473269,14898, ,2008,05,13,68,42, ,55,0,10,0.03, ,0, ,0
473269,14898, ,2008,05,14,68,44, ,56,0,9,0.16, ,0, ,0
473269,14898, ,2008,05,15,69,41, ,55,0,10,0, ,0, ,0
473269,14898, ,2008,05,16,74,48, ,61,0,4,T,null,0, ,0
473269,14898, ,2008,05,17,72,47, ,60,0,5,T,null,0, ,0
473269,14898, ,2008,05,18,59,37, ,48,0,17,0.01, ,0, ,0
473269,14898, ,2008,05,19,61,34, ,48,0,17,0, ,0, ,0
473269,14898, ,2008,05,20,69,41, ,55,0,10,T,null,0, ,0
473269,14898, ,2008,05,21,70,40, ,55,0,10,0, ,0, ,0
473269,14898, ,2008,05,22,62,38, ,50,0,15,0, ,0, ,0
473269,14898, ,2008,05,23,63,41, ,52,0,13,0, ,0, ,0
473269,14898, ,2008,05,24,69,42, ,56,0,9,0, ,0, ,0
473269,14898, ,2008,05,25,78,43, ,61,0,4,0.32, ,0, ,0
473269,14898, ,2008,05,26,82,42, ,62,0,3,T,null,0, ,0
473269,14898, ,2008,05,27,57,38, ,48,0,17,0, ,0, ,0
473269,14898, ,2008,05,28,69,34, ,52,0,13,0, ,0, ,0
473269,14898, ,2008,05,29,71,42, ,57,0,8,0.06, ,0, ,0
473269,14898, ,2008,05,30,79,49, ,64,0,1,0.47, ,0, ,0
473269,14898, ,2008,05,31,72,52, ,62,0,3,T,null,0, ,0,53.9,66.3,41.5,82,32,0,337,1.43,0

473269,14898, ,2008,06,1,78,47, ,63,0,2,0, ,0, ,0
473269,14898, ,2008,06,2,82,53, ,68,3,0,0.68, ,0, ,0
473269,14898, ,2008,06,3,59,52, ,56,0,9,0.05, ,0, ,0
473269,14898, ,2008,06,4,65,57, ,61,0,4,0, ,0, ,0
473269,14898, ,2008,06,5,72,61, ,67,2,0,0.38, ,0, ,0
473269,14898, ,2008,06,6,86,61, ,74,9,0,T,null,0, ,0
473269,14898, ,2008,06,7,82,63, ,73,8,0,0.17, ,0, ,0
473269,14898, ,2008,06,8,76,66, ,71,6,0,1.70, ,0, ,0
473269,14898, ,2008,06,9,77,66, ,72,7,0,T,null,0, ,0
473269,14898, ,2008,06,10,76,62, ,69,4,0,0, ,0, ,0
473269,14898, ,2008,06,11,64,54, ,59,0,6,0.01, ,0, ,0
473269,14898, ,2008,06,12,72,57, ,65,0,0,0.98, ,0, ,0
473269,14898, ,2008,06,13,77,62, ,70,5,0,0.03, ,0, ,0
473269,14898, ,2008,06,14,81,59, ,70,5,0,0, ,0, ,0
473269,14898, ,2008,06,15,81,59, ,70,5,0,0.01, ,0, ,0
473269,14898, ,2008,06,16,67,54, ,61,0,4,T,null,0, ,0
473269,14898, ,2008,06,17,76,51, ,64,0,1,0, ,0, ,0
473269,14898, ,2008,06,18,72,50, ,61,0,4,0, ,0, ,0
473269,14898, ,2008,06,19,81,50, ,66,1,0,0, ,0, ,0
473269,14898, ,2008,06,20,82,56, ,69,4,0,0.07, ,0, ,0
473269,14898, ,2008,06,21,80,58, ,69,4,0,0.06, ,0, ,0
473269,14898, ,2008,06,22,74,56, ,65,0,0,0.11, ,0, ,0
473269,14898, ,2008,06,23,78,54, ,66,1,0,0, ,0, ,0
473269,14898, ,2008,06,24,82,57, ,70,5,0,0, ,0, ,0
473269,14898, ,2008,06,25,83,62, ,73,8,0,0, ,0, ,0
473269,14898, ,2008,06,26,87,69, ,78,13,0,0, ,0, ,0
473269,14898, ,2008,06,27,80,67, ,74,9,0,0.29, ,0, ,0
473269,14898, ,2008,06,28,76,60, ,68,3,0,0.23, ,0, ,0
473269,14898, ,2008,06,29,71,56, ,64,0,1,T,null,0, ,0
473269,14898, ,2008,06,30,81,53, ,67,2,0,0, ,0, ,0,67.2,76.6,57.7,87,47,104,31,4.77,0

473269,14898, ,2008,07,1,84,54, ,69,4,0,0, ,0, ,0
473269,14898, ,2008,07,2,80,59, ,70,5,0,1.16, ,0, ,0
473269,14898, ,2008,07,3,72,53, ,63,0,2,0, ,0, ,0
473269,14898, ,2008,07,4,77,50, ,64,0,1,0, ,0, ,0
473269,14898, ,2008,07,5,80,52, ,66,1,0,0, ,0, ,0
473269,14898, ,2008,07,6,83,56, ,70,5,0,0.44, ,0, ,0
473269,14898, ,2008,07,7,87,70, ,79,14,0,0.23, ,0, ,0
473269,14898, ,2008,07,8,85,65, ,75,10,0,T,null,0, ,0
473269,14898, ,2008,07,9,79,59, ,69,4,0,0, ,0, ,0
473269,14898, ,2008,07,10,84,57, ,71,6,0,T,null,0, ,0
473269,14898, ,2008,07,11,80,63, ,72,7,0,0.30, ,0, ,0
473269,14898, ,2008,07,12,77,63, ,70,5,0,0.95, ,0, ,0
473269,14898, ,2008,07,13,76,57, ,67,2,0,0, ,0, ,0
473269,14898, ,2008,07,14,80,53, ,67,2,0,0, ,0, ,0
473269,14898, ,2008,07,15,88,60, ,74,9,0,0, ,0, ,0
473269,14898, ,2008,07,16,88,63, ,76,11,0,1.32, ,0, ,0
473269,14898, ,2008,07,17,84,64, ,74,9,0,0.01, ,0, ,0
473269,14898, ,2008,07,18,84,68, ,76,11,0,0, ,0, ,0
473269,14898, ,2008,07,19,81,68, ,75,10,0,0.14, ,0, ,0
473269,14898, ,2008,07,20,82,68, ,75,10,0,0, ,0, ,0
473269,14898, ,2008,07,21,78,62, ,70,5,0,0.15, ,0, ,0
473269,14898, ,2008,07,22,78,60, ,69,4,0,T,null,0, ,0
473269,14898, ,2008,07,23,81,54, ,68,3,0,0, ,0, ,0
473269,14898, ,2008,07,24,81,56, ,69,4,0,0, ,0, ,0
473269,14898, ,2008,07,25,77,64, ,71,6,0,0, ,0, ,0
473269,14898, ,2008,07,26,81,63, ,72,7,0,0, ,0, ,0
473269,14898, ,2008,07,27,84,62, ,73,8,0,0, ,0, ,0
473269,14898, ,2008,07,28,80,58, ,69,4,0,0, ,0, ,0
473269,14898, ,2008,07,29,82,56, ,69,4,0,0.01, ,0, ,0
473269,14898, ,2008,07,30,85,65, ,75,10,0,0, ,0, ,0
473269,14898, ,2008,07,31,85,61, ,73,8,0,0, ,0, ,0,70.7,81.4,60.1,88,50,188,3,4.71,0

473269,14898, ,2008,08,1,86,61, ,74,9,0,0, ,0, ,0
473269,14898, ,2008,08,2,81,60, ,71,6,0,0, ,0, ,0
473269,14898, ,2008,08,3,83,58, ,71,6,0,0.05, ,0, ,0
473269,14898, ,2008,08,4,83,63, ,73,8,0,0.40, ,0, ,0
473269,14898, ,2008,08,5,86,63, ,75,10,0,0, ,0, ,0
473269,14898, ,2008,08,6,83,61, ,72,7,0,0.08, ,0, ,0
473269,14898, ,2008,08,7,81,58, ,70,5,0,0, ,0, ,0
473269,14898, ,2008,08,8,82,52, ,67,2,0,0, ,0, ,0
473269,14898, ,2008,08,9,78,53, ,66,1,0,T,null,0, ,0
473269,14898, ,2008,08,10,77,48, ,63,0,2,0, ,0, ,0
473269,14898, ,2008,08,11,78,50, ,64,0,1,0, ,0, ,0
473269,14898, ,2008,08,12,80,52, ,66,1,0,0, ,0, ,0
473269,14898, ,2008,08,13,77,59, ,68,3,0,T,null,0, ,0
473269,14898, ,2008,08,14,78,57, ,68,3,0,0, ,0, ,0
473269,14898, ,2008,08,15,81,53, ,67,2,0,0, ,0, ,0
473269,14898, ,2008,08,16,85,56, ,71,6,0,0, ,0, ,0
473269,14898, ,2008,08,17,89,64, ,77,12,0,0, ,0, ,0
473269,14898, ,2008,08,18,90,60, ,75,10,0,0, ,0, ,0
473269,14898, ,2008,08,19,75,56, ,66,1,0,0, ,0, ,0
473269,14898, ,2008,08,20,81,54, ,68,3,0,0, ,0, ,0
473269,14898, ,2008,08,21,85,57, ,71,6,0,0.01, ,0, ,0
473269,14898, ,2008,08,22,85,70, ,78,13,0,T,null,0, ,0
473269,14898, ,2008,08,23,85,60, ,73,8,0,0.02, ,0, ,0
473269,14898, ,2008,08,24,74,51, ,63,0,2,0, ,0, ,0
473269,14898, ,2008,08,25,75,47, ,61,0,4,0, ,0, ,0
473269,14898, ,2008,08,26,79,48, ,64,0,1,0, ,0, ,0
473269,14898, ,2008,08,27,84,50, ,67,2,0,0, ,0, ,0
473269,14898, ,2008,08,28,83,56, ,70,5,0,0.03, ,0, ,0
473269,14898, ,2008,08,29,81,51, ,66,1,0,0, ,0, ,0
473269,14898, ,2008,08,30,83,50, ,67,2,0,0, ,0, ,0
473269,14898, ,2008,08,31,89,53, ,71,6,0,0, ,0, ,0,68.8,81.8,55.8,90,47,138,10,0.59,0

473269,14898, ,2008,09,1,88,53, ,71,6,0,0, ,0, ,0
473269,14898, ,2008,09,2,90,60, ,75,10,0,T,null,0, ,0
473269,14898, ,2008,09,3,73,57, ,65,0,0,0, ,0, ,0
473269,14898, ,2008,09,4,61,54, ,58,0,7,0.36, ,0, ,0
473269,14898, ,2008,09,5,69,53, ,61,0,4,0.03, ,0, ,0
473269,14898, ,2008,09,6,68,53, ,61,0,4,0.02, ,0, ,0
473269,14898, ,2008,09,7,71,50, ,61,0,4,0.14, ,0, ,0
473269,14898, ,2008,09,8,59,46, ,53,0,12,0, ,0, ,0
473269,14898, ,2008,09,9,68,40, ,54,0,11,0, ,0, ,0
473269,14898, ,2008,09,10,70,39, ,55,0,10,0, ,0, ,0
473269,14898, ,2008,09,11,73,49, ,61,0,4,0.66, ,0, ,0
473269,14898, ,2008,09,12,68,58, ,63,0,2,0, ,0, ,0
473269,14898, ,2008,09,13,71,60, ,66,1,0,0.44, ,0, ,0
473269,14898, ,2008,09,14,64,51, ,58,0,7,T,null,0, ,0
473269,14898, ,2008,09,15,61,43, ,52,0,13,0, ,0, ,0
473269,14898, ,2008,09,16,75,40, ,58,0,7,0, ,0, ,0
473269,14898, ,2008,09,17,74,47, ,61,0,4,0, ,0, ,0
473269,14898, ,2008,09,18,70,47, ,59,0,6,0, ,0, ,0
473269,14898, ,2008,09,19,79,55, ,67,2,0,0, ,0, ,0
473269,14898, ,2008,09,20,79,57, ,68,3,0,0, ,0, ,0
473269,14898, ,2008,09,21,70,49, ,60,0,5,0, ,0, ,0
473269,14898, ,2008,09,22,76,62, ,69,4,0,0, ,0, ,0
473269,14898, ,2008,09,23,84,60, ,72,7,0,0, ,0, ,0
473269,14898, ,2008,09,24,79,47, ,63,0,2,T,null,0, ,0
473269,14898, ,2008,09,25,76,42, ,59,0,6,0, ,0, ,0
473269,14898, ,2008,09,26,82,45, ,64,0,1,0, ,0, ,0
473269,14898, ,2008,09,27,79,50, ,65,0,0,0, ,0, ,0
473269,14898, ,2008,09,28,58,54, ,56,0,9,0, ,0, ,0
473269,14898, ,2008,09,29,59,50, ,55,0,10,0.21, ,0, ,0
473269,14898, ,2008,09,30,60,45, ,53,0,12,0.03, ,0, ,0,61.2,71.8,50.5,90,39,33,140,1.89,0

473269,14898, ,2008,10,1,56,38, ,47,0,18,T,null,0, ,0
473269,14898, ,2008,10,2,57,36, ,47,0,18,0.03, ,0, ,0
473269,14898, ,2008,10,3,55,30, ,43,0,22,0, ,0, ,0
473269,14898, ,2008,10,4,59,28, ,44,0,21,0, ,0, ,0
473269,14898, ,2008,10,5,63,32, ,48,0,17,0.15, ,0, ,0
473269,14898, ,2008,10,6,62,49, ,56,0,9,0.10, ,0, ,0
473269,14898, ,2008,10,7,61,53, ,57,0,8,0.71, ,0, ,0
473269,14898, ,2008,10,8,63,49, ,56,0,9,0.04, ,0, ,0
473269,14898, ,2008,10,9,66,43, ,55,0,10,0, ,0, ,0
473269,14898, ,2008,10,10,66,36, ,51,0,14,0, ,0, ,0
473269,14898, ,2008,10,11,77,45, ,61,0,4,0, ,0, ,0
473269,14898, ,2008,10,12,82,52, ,67,2,0,0, ,0, ,0
473269,14898, ,2008,10,13,76,55, ,66,1,0,T,null,0, ,0
473269,14898, ,2008,10,14,60,42, ,51,0,14,0, ,0, ,0
473269,14898, ,2008,10,15,53,42, ,48,0,17,0.11, ,0, ,0
473269,14898, ,2008,10,16,56,35, ,46,0,19,0, ,0, ,0
473269,14898, ,2008,10,17,54,32, ,43,0,22,0.03, ,T,null,0
473269,14898, ,2008,10,18,57,33, ,45,0,20,0, ,0, ,0
473269,14898, ,2008,10,19,62,42, ,52,0,13,0, ,0, ,0
473269,14898, ,2008,10,20,60,37, ,49,0,16,T,null,0, ,0
473269,14898, ,2008,10,21,51,29, ,40,0,25,0, ,0, ,0
473269,14898, ,2008,10,22,50,34, ,42,0,23,0, ,0, ,0
473269,14898, ,2008,10,23,53,34, ,44,0,21,0, ,0, ,0
473269,14898, ,2008,10,24,51,40, ,46,0,19,0.38, ,0, ,0
473269,14898, ,2008,10,25,52,39, ,46,0,19,0, ,0, ,0
473269,14898, ,2008,10,26,49,38, ,44,0,21,0.04, ,0, ,0
473269,14898, ,2008,10,27,43,34, ,39,0,26,T,null,0, ,0
473269,14898, ,2008,10,28,44,30, ,37,0,28,0, ,0, ,0
473269,14898, ,2008,10,29,48,28, ,38,0,27,0, ,0, ,0
473269,14898, ,2008,10,30,61,29, ,45,0,20,0, ,0, ,0
473269,14898, ,2008,10,31,64,39, ,52,0,13,0, ,0, ,0,48.3,58.4,38.2,82,28,3,513,1.59,0

473269,14898, ,2008,11,1,52,30, ,41,0,24,0, ,0, ,0
473269,14898, ,2008,11,2,54,30, ,42,0,23,T,null,0, ,0
473269,14898, ,2008,11,3,60,37, ,49,0,16,0, ,0, ,0
473269,14898, ,2008,11,4,74,53, ,64,0,1,0, ,0, ,0
473269,14898, ,2008,11,5,70,46, ,58,0,7,0, ,0, ,0
473269,14898, ,2008,11,6,62,47, ,55,0,10,0.21, ,0, ,0
473269,14898, ,2008,11,7,48,34, ,41,0,24,0.14, ,0, ,0
473269,14898, ,2008,11,8,40,32, ,36,0,29,0.13, ,0.9, ,0
473269,14898, ,2008,11,9,34,26, ,30,0,35,T,null,T,null,0
473269,14898, ,2008,11,10,32,25, ,29,0,36,0, ,0, ,0
473269,14898, ,2008,11,11,40,24, ,32,0,33,0.06, ,T,null,0
473269,14898, ,2008,11,12,44,38, ,41,0,24,0.24, ,0, ,0
473269,14898, ,2008,11,13,46,43, ,45,0,20,0.37, ,0, ,0
473269,14898, ,2008,11,14,46,38, ,42,0,23,T,null,0, ,0
473269,14898, ,2008,11,15,40,32, ,36,0,29,T,null,T,null,0
473269,14898, ,2008,11,16,34,29, ,32,0,33,T,null,T,null,0
473269,14898, ,2008,11,17,33,20, ,27,0,38,T,null,0.1, ,T
473269,14898, ,2008,11,18,31,15, ,23,0,42,0, ,0, ,0
473269,14898, ,2008,11,19,35,28, ,32,0,33,T,null,T,null,0
473269,14898, ,2008,11,20,31,17, ,24,0,41,T,null,T,null,0
473269,14898, ,2008,11,21,26,11, ,19,0,46,0, ,0, ,0
473269,14898, ,2008,11,22,32,9, ,21,0,44,0, ,0, ,0
473269,14898, ,2008,11,23,40,20, ,30,0,35,0, ,0, ,0
473269,14898, ,2008,11,24,34,28, ,31,0,34,0.14, ,2.9, ,3
473269,14898, ,2008,11,25,37,20, ,29,0,36,0, ,0, ,2
473269,14898, ,2008,11,26,36,15, ,26,0,39,0, ,0, ,1
473269,14898, ,2008,11,27,37,13, ,25,0,40,T,null,T,null,T
473269,14898, ,2008,11,28,39,19, ,29,0,36,0, ,0, ,0
473269,14898, ,2008,11,29,39,14, ,27,0,38,0, ,0, ,0
473269,14898, ,2008,11,30,38,22, ,30,0,35,0.20, ,2.8, ,0,34.6,42.1,27.2,74,9,0,904,1.49,6.7

473269,14898, ,2008,12,1,27,16, ,22,0,43,0.11, ,1.9, ,4
473269,14898, ,2008,12,2,30,10, ,20,0,45,0, ,0, ,3
473269,14898, ,2008,12,3,31,13, ,22,0,43,0.34, ,4.2, ,5
473269,14898, ,2008,12,4,19,2, ,11,0,54,0, ,0, ,8
473269,14898, ,2008,12,5,19,1, ,10,0,55,0.04, ,0.6, ,8
473269,14898, ,2008,12,6,26,6, ,16,0,49,0.05, ,0.9, ,8
473269,14898, ,2008,12,7,13,-6, ,4,0,61,0.06, ,2.3, ,8
473269,14898, ,2008,12,8,23,12, ,18,0,47,0.26, ,3.0, ,11
473269,14898, ,2008,12,9,28,11, ,20,0,45,0.32, ,3.6, ,13
473269,14898, ,2008,12,10,21,1, ,11,0,54,0, ,0, ,12
473269,14898, ,2008,12,11,26,9, ,18,0,47,0, ,0, ,11
473269,14898, ,2008,12,12,15,-3, ,6,0,59,0, ,0, ,10
473269,14898, ,2008,12,13,38,15, ,27,0,38,T,null,T,null,9
473269,14898, ,2008,12,14,41,26, ,34,0,31,0.29, ,T,null,7
473269,14898, ,2008,12,15,26,-2, ,12,0,53,T,null,T,null,3
473269,14898, ,2008,12,16,7,-6, ,1,0,64,0.13, ,1.8, ,3
473269,14898, ,2008,12,17,12,-5, ,4,0,61,0.01, ,0.2, ,5
473269,14898, ,2008,12,18,14,-9, ,3,0,62,0, ,0, ,5
473269,14898, ,2008,12,19,24,11, ,18,0,47,0.46, ,5.4, ,6
473269,14898, ,2008,12,20,23,8, ,16,0,49,0.26, ,3.4, ,10
473269,14898, ,2008,12,21,20,-5, ,8,0,57,0.08, ,2.0, ,14
473269,14898, ,2008,12,22,2,-10, ,-4,0,69,0, ,0, ,13
473269,14898, ,2008,12,23,26,-5, ,11,0,54,0.18, ,4.4, ,13
473269,14898, ,2008,12,24,28,8, ,18,0,47,0.14, ,1.9, ,15
473269,14898, ,2008,12,25,22,-5, ,9,0,56,0.12, ,1.6, ,16
473269,14898, ,2008,12,26,37,22, ,30,0,35,0.25, ,2.5, ,19
473269,14898, ,2008,12,27,45,33, ,39,0,26,0.29, ,0, ,13
473269,14898, ,2008,12,28,33,18, ,26,0,39,0.17, ,2.6, ,11
473269,14898, ,2008,12,29,35,16, ,26,0,39,0, ,0, ,11
473269,14898, ,2008,12,30,18,10, ,14,0,51,0.16, ,3.3, ,9
473269,14898, ,2008,12,31,11,-5, ,3,0,62,0, ,0, ,12,15.0,23.9,6.0,45,-10,0,1542,3.72,45.6

473269,14898, ,2009,01,1,25,-1, ,12,0,53,0.02, ,0.4, ,11
473269,14898, ,2009,01,2,20,2, ,11,0,54,T,null,0.1, ,11
473269,14898, ,2009,01,3,31,10, ,21,0,44,0.14, ,0.3, ,11
473269,14898, ,2009,01,4,32,3, ,18,0,47,0.06, ,0, ,10
473269,14898, ,2009,01,5,21,-2, ,10,0,55,0, ,0, ,10
473269,14898, ,2009,01,6,31,-1, ,15,0,50,T,null,T,null,10
473269,14898, ,2009,01,7,28,20, ,24,0,41,0.07, ,1.5, ,10
473269,14898, ,2009,01,8,22,-1, ,11,0,54,T,null,0.1, ,11
473269,14898, ,2009,01,9,14,-5, ,5,0,60,0, ,0, ,11
473269,14898, ,2009,01,10,20,-3, ,9,0,56,T,null,T,null,11
473269,14898, ,2009,01,11,17,-3, ,7,0,58,0, ,0, ,11
473269,14898, ,2009,01,12,17,-4, ,7,0,58,0.22, ,3.6, ,11
473269,14898, ,2009,01,13,17,-21, ,-2,0,67,0.01, ,0.3, ,14
473269,14898, ,2009,01,14,8,-19, ,-5,0,70,T,null,0.1, ,14
473269,14898, ,2009,01,15,-2,-16, ,-9,0,74,0, ,0, ,14
473269,14898, ,2009,01,16,-2,-20, ,-11,0,76,0, ,0, ,14
473269,14898, ,2009,01,17,16,-5, ,6,0,59,0.12, ,3.2, ,14
473269,14898, ,2009,01,18,18,1, ,10,0,55,T,null,T,null,16
473269,14898, ,2009,01,19,20,-1, ,10,0,55,T,null,T,null,16
473269,14898, ,2009,01,20,16,-3, ,7,0,58,T,null,T,null,15
473269,14898, ,2009,01,21,21,16, ,19,0,46,T,null,T,null,14
473269,14898, ,2009,01,22,23,15, ,19,0,46,T,null,T,null,14
473269,14898, ,2009,01,23,29,3, ,16,0,49,T,null,T,null,14
473269,14898, ,2009,01,24,6,-7, ,0,0,65,0, ,0, ,14
473269,14898, ,2009,01,25,6,-9, ,-1,0,66,0, ,0, ,14
473269,14898, ,2009,01,26,7,-13, ,-3,0,68,0, ,0, ,14
473269,14898, ,2009,01,27,7,-16, ,-4,0,69,0, ,0, ,13
473269,14898, ,2009,01,28,12,-8, ,2,0,63,T,null,T,null,13
473269,14898, ,2009,01,29,19,5, ,12,0,53,0.02, ,0.6, ,13
473269,14898, ,2009,01,30,14,-2, ,6,0,59,0, ,0, ,13
473269,14898, ,2009,01,31,37,3, ,20,0,45,T,null,T,null,13,7.5,17.7,-2.6,37,-21,0,1773,0.66,10.2

473269,14898, ,2009,02,1,37,20, ,29,0,36,0, ,0, ,12
473269,14898, ,2009,02,2,23,5, ,14,0,51,T,null,T,null,11
473269,14898, ,2009,02,3,16,1, ,9,0,56,0.02, ,0.7, ,12
473269,14898, ,2009,02,4,13,-6, ,4,0,61,0, ,0, ,12
473269,14898, ,2009,02,5,24,-4, ,10,0,55,0, ,0, ,12
473269,14898, ,2009,02,6,35,0, ,18,0,47,0, ,0, ,11
473269,14898, ,2009,02,7,44,34, ,39,0,26,0, ,0, ,10
473269,14898, ,2009,02,8,36,22, ,29,0,36,0, ,0, ,7
473269,14898, ,2009,02,9,39,18, ,29,0,36,0.18, ,0, ,7
473269,14898, ,2009,02,10,50,38, ,44,0,21,0, ,0, ,6
473269,14898, ,2009,02,11,41,30, ,36,0,29,0, ,0, ,2
473269,14898, ,2009,02,12,35,30, ,33,0,32,0.01, ,0.1, ,1
473269,14898, ,2009,02,13,31,25, ,28,0,37,0.01, ,0.3, ,1
473269,14898, ,2009,02,14,30,21, ,26,0,39,0.06, ,1.1, ,1
473269,14898, ,2009,02,15,26,15, ,21,0,44,T,null,0.1, ,1
473269,14898, ,2009,02,16,28,8, ,18,0,47,0, ,0, ,1
473269,14898, ,2009,02,17,39,27, ,33,0,32,0.03, ,0.3, ,1
473269,14898, ,2009,02,18,32,10, ,21,0,44,0.20, ,2.8, ,3
473269,14898, ,2009,02,19,20,5, ,13,0,52,0, ,0, ,3
473269,14898, ,2009,02,20,21,3, ,12,0,53,0, ,0, ,3
473269,14898, ,2009,02,21,24,12, ,18,0,47,0.34, ,4.2, ,6
473269,14898, ,2009,02,22,24,6, ,15,0,50,T,null,T,null,6
473269,14898, ,2009,02,23,20,-2, ,9,0,56,0, ,0, ,5
473269,14898, ,2009,02,24,35,2, ,19,0,46,0, ,0, ,5
473269,14898, ,2009,02,25,39,19, ,29,0,36,0.08, ,0, ,5
473269,14898, ,2009,02,26,32,18, ,25,0,40,0.60, ,5.6, ,3
473269,14898, ,2009,02,27,23,3, ,13,0,52,0.02, ,0.5, ,8
473269,14898, ,2009,02,28,18,3, ,11,0,54,T,null,T,null,8,21.4,29.8,13.0,50,-6,0,1215,1.55,15.7

473269,14898, ,2009,03,1,16,0, ,8,0,57,0, ,0, ,7
473269,14898, ,2009,03,2,16,-6, ,5,0,60,0, ,0, ,7
473269,14898, ,2009,03,3,24,-9, ,8,0,57,0, ,0, ,7
473269,14898, ,2009,03,4,35,7, ,21,0,44,0, ,0, ,7
473269,14898, ,2009,03,5,41,28, ,35,0,30,0, ,0, ,6
473269,14898, ,2009,03,6,42,29, ,36,0,29,0, ,0, ,4
473269,14898, ,2009,03,7,43,29, ,36,0,29,0, ,0, ,2
473269,14898, ,2009,03,8,31,26, ,29,0,36,0.73, ,6.0, ,1
473269,14898, ,2009,03,9,36,10, ,23,0,42,0.01, ,0, ,7
473269,14898, ,2009,03,10,39,30, ,35,0,30,0.39, ,0, ,4
473269,14898, ,2009,03,11,30,10, ,20,0,45,T,null,T,null,3
473269,14898, ,2009,03,12,18,4, ,11,0,54,0, ,0, ,2
473269,14898, ,2009,03,13,34,13, ,24,0,41,0, ,0, ,2
473269,14898, ,2009,03,14,43,24, ,34,0,31,0, ,0, ,2
473269,14898, ,2009,03,15,51,27, ,39,0,26,0, ,0, ,1
473269,14898, ,2009,03,16,58,32, ,45,0,20,0, ,0, ,1
473269,14898, ,2009,03,17,66,40, ,53,0,12,0, ,0, ,0
473269,14898, ,2009,03,18,54,35, ,45,0,20,0, ,0, ,0
473269,14898, ,2009,03,19,36,22, ,29,0,36,T,null,T,null,0
473269,14898, ,2009,03,20,34,18, ,26,0,39,0.12, ,1.4, ,0
473269,14898, ,2009,03,21,53,32, ,43,0,22,0.11, ,0.6, ,1
473269,14898, ,2009,03,22,42,29, ,36,0,29,0, ,0, ,0
473269,14898, ,2009,03,23,40,31, ,36,0,29,0.05, ,0, ,0
473269,14898, ,2009,03,24,47,35, ,41,0,24,0.80, ,0, ,0
473269,14898, ,2009,03,25,43,37, ,40,0,25,0.02, ,0, ,0
473269,14898, ,2009,03,26,50,33, ,42,0,23,0, ,0, ,0
473269,14898, ,2009,03,27,37,27, ,32,0,33,0, ,0, ,0
473269,14898, ,2009,03,28,33,24, ,29,0,36,0.07, ,0.8, ,0
473269,14898, ,2009,03,29,41,27, ,34,0,31,0.03, ,0.3, ,1
473269,14898, ,2009,03,30,43,24, ,34,0,31,0, ,0, ,0
473269,14898, ,2009,03,31,42,32, ,37,0,28,0.26, ,0, ,0,30.9,39.3,22.6,66,-9,0,1049,2.59,9.1

473269,14898, ,2009,04,1,40,35, ,38,0,27,T,null,T,null,0
473269,14898, ,2009,04,2,44,31, ,38,0,27,0, ,0, ,0
473269,14898, ,2009,04,3,47,31, ,39,0,26,0, ,0, ,0
473269,14898, ,2009,04,4,52,33, ,43,0,22,0, ,0, ,0
473269,14898, ,2009,04,5,39,30, ,35,0,30,T,null,T,null,0
473269,14898, ,2009,04,6,43,29, ,36,0,29,0, ,0, ,0
473269,14898, ,2009,04,7,48,27, ,38,0,27,0, ,0, ,0
473269,14898, ,2009,04,8,54,28, ,41,0,24,0, ,0, ,0
473269,14898, ,2009,04,9,52,29, ,41,0,24,T,null,0, ,0
473269,14898, ,2009,04,10,48,26, ,37,0,28,0, ,0, ,0
473269,14898, ,2009,04,11,50,24, ,37,0,28,0, ,0, ,0
473269,14898, ,2009,04,12,49,24, ,37,0,28,0, ,0, ,0
473269,14898, ,2009,04,13,46,29, ,38,0,27,0, ,0, ,0
473269,14898, ,2009,04,14,54,36, ,45,0,20,0, ,0, ,0
473269,14898, ,2009,04,15,61,33, ,47,0,18,0, ,0, ,0
473269,14898, ,2009,04,16,67,28, ,48,0,17,0, ,0, ,0
473269,14898, ,2009,04,17,72,31, ,52,0,13,0, ,0, ,0
473269,14898, ,2009,04,18,75,43, ,59,0,6,0, ,0, ,0
473269,14898, ,2009,04,19,43,38, ,41,0,24,0.39, ,0, ,0
473269,14898, ,2009,04,20,40,33, ,37,0,28,0.74, ,0.2, ,0
473269,14898, ,2009,04,21,41,33, ,37,0,28,0.22, ,0.2, ,T
473269,14898, ,2009,04,22,54,32, ,43,0,22,0, ,0, ,0
473269,14898, ,2009,04,23,52,29, ,41,0,24,0.03, ,0, ,0
473269,14898, ,2009,04,24,82,41, ,62,0,3,0.05, ,0, ,0
473269,14898, ,2009,04,25,67,41, ,54,0,11,0.67, ,0, ,0
473269,14898, ,2009,04,26,51,39, ,45,0,20,0.52, ,0, ,0
473269,14898, ,2009,04,27,64,46, ,55,0,10,T,null,0, ,0
473269,14898, ,2009,04,28,53,38, ,46,0,19,0, ,0, ,0
473269,14898, ,2009,04,29,60,38, ,49,0,16,0, ,0, ,0
473269,14898, ,2009,04,30,63,47, ,55,0,10,0, ,0, ,0,43.6,53.7,33.4,82,24,0,636,2.62,0.4

473269,14898, ,2009,05,1,58,42, ,50,0,15,0, ,0, ,0
473269,14898, ,2009,05,2,62,42, ,52,0,13,0, ,0, ,0
473269,14898, ,2009,05,3,67,39, ,53,0,12,0, ,0, ,0
473269,14898, ,2009,05,4,69,37, ,53,0,12,0, ,0, ,0
473269,14898, ,2009,05,5,68,46, ,57,0,8,0, ,0, ,0
473269,14898, ,2009,05,6,72,53, ,63,0,2,0.35, ,0, ,0
473269,14898, ,2009,05,7,75,55, ,65,0,0,0, ,0, ,0
473269,14898, ,2009,05,8,74,47, ,61,0,4,0.02, ,0, ,0
473269,14898, ,2009,05,9,52,42, ,47,0,18,0.11, ,0, ,0
473269,14898, ,2009,05,10,55,38, ,47,0,18,T,null,0, ,0
473269,14898, ,2009,05,11,62,34, ,48,0,17,0, ,0, ,0
473269,14898, ,2009,05,12,70,39, ,55,0,10,0, ,0, ,0
473269,14898, ,2009,05,13,57,50, ,54,0,11,0.28, ,0, ,0
473269,14898, ,2009,05,14,66,45, ,56,0,9,0, ,0, ,0
473269,14898, ,2009,05,15,69,42, ,56,0,9,T,null,0, ,0
473269,14898, ,2009,05,16,56,37, ,47,0,18,0.02, ,0, ,0
473269,14898, ,2009,05,17,63,34, ,49,0,16,0, ,0, ,0
473269,14898, ,2009,05,18,66,37, ,52,0,13,0, ,0, ,0
473269,14898, ,2009,05,19,67,46, ,57,0,8,0, ,0, ,0
473269,14898, ,2009,05,20,86,47, ,67,2,0,0, ,0, ,0
473269,14898, ,2009,05,21,80,57, ,69,4,0,0.08, ,0, ,0
473269,14898, ,2009,05,22,68,52, ,60,0,5,T,null,0, ,0
473269,14898, ,2009,05,23,71,52, ,62,0,3,0.01, ,0, ,0
473269,14898, ,2009,05,24,67,46, ,57,0,8,0, ,0, ,0
473269,14898, ,2009,05,25,68,42, ,55,0,10,0.02, ,0, ,0
473269,14898, ,2009,05,26,54,46, ,50,0,15,0.86, ,0, ,0
473269,14898, ,2009,05,27,52,48, ,50,0,15,1.15, ,0, ,0
473269,14898, ,2009,05,28,68,50, ,59,0,6,0.07, ,0, ,0
473269,14898, ,2009,05,29,70,49, ,60,0,5,0, ,0, ,0
473269,14898, ,2009,05,30,71,42, ,57,0,8,0.01, ,0, ,0
473269,14898, ,2009,05,31,63,38, ,51,0,14,0.03, ,0, ,0,55.2,66.0,44.3,86,34,6,302,3.01,0

473269,14898, ,2009,06,1,70,44, ,57,0,8,T,null,0, ,0
473269,14898, ,2009,06,2,67,40, ,54,0,11,0, ,0, ,0
473269,14898, ,2009,06,3,64,45, ,55,0,10,0, ,0, ,0
473269,14898, ,2009,06,4,71,39, ,55,0,10,0, ,0, ,0
473269,14898, ,2009,06,5,79,47, ,63,0,2,0, ,0, ,0
473269,14898, ,2009,06,6,52,44, ,48,0,17,0.65, ,0, ,0
473269,14898, ,2009,06,7,54,47, ,51,0,14,0.33, ,0, ,0
473269,14898, ,2009,06,8,54,49, ,52,0,13,1.11, ,0, ,0
473269,14898, ,2009,06,9,58,51, ,55,0,10,0.01, ,0, ,0
473269,14898, ,2009,06,10,68,49, ,59,0,6,0, ,0, ,0
473269,14898, ,2009,06,11,69,50, ,60,0,5,0, ,0, ,0
473269,14898, ,2009,06,12,73,46, ,60,0,5,0, ,0, ,0
473269,14898, ,2009,06,13,74,58, ,66,1,0,0, ,0, ,0
473269,14898, ,2009,06,14,77,56, ,67,2,0,0.20, ,0, ,0
473269,14898, ,2009,06,15,77,55, ,66,1,0,0, ,0, ,0
473269,14898, ,2009,06,16,77,54, ,66,1,0,0.01, ,0, ,0
473269,14898, ,2009,06,17,77,58, ,68,3,0,0.11, ,0, ,0
473269,14898, ,2009,06,18,77,57, ,67,2,0,0, ,0, ,0
473269,14898, ,2009,06,19,79,62, ,71,6,0,T,null,0, ,0
473269,14898, ,2009,06,20,87,66, ,77,12,0,0, ,0, ,0
473269,14898, ,2009,06,21,81,61, ,71,6,0,0, ,0, ,0
473269,14898, ,2009,06,22,84,66, ,75,10,0,0, ,0, ,0
473269,14898, ,2009,06,23,95,65, ,80,15,0,0, ,0, ,0
473269,14898, ,2009,06,24,93,69, ,81,16,0,0, ,0, ,0
473269,14898, ,2009,06,25,85,67, ,76,11,0,0.05, ,0, ,0
473269,14898, ,2009,06,26,84,62, ,73,8,0,0, ,0, ,0
473269,14898, ,2009,06,27,79,59, ,69,4,0,0.01, ,0, ,0
473269,14898, ,2009,06,28,78,64, ,71,6,0,0, ,0, ,0
473269,14898, ,2009,06,29,73,60, ,67,2,0,0.05, ,0, ,0
473269,14898, ,2009,06,30,66,54, ,60,0,5,T,null,0, ,0,64.4,74.1,54.8,95,39,106,116,2.53,0

473269,14898, ,2009,07,1,66,53, ,60,0,5,T,null,0, ,0
473269,14898, ,2009,07,2,70,58, ,64,0,1,T,null,0, ,0
473269,14898, ,2009,07,3,78,59, ,69,4,0,0, ,0, ,0
473269,14898, ,2009,07,4,76,58, ,67,2,0,0, ,0, ,0
473269,14898, ,2009,07,5,82,57, ,70,5,0,T,null,0, ,0
473269,14898, ,2009,07,6,79,53, ,66,1,0,0, ,0, ,0
473269,14898, ,2009,07,7,76,48, ,62,0,3,0, ,0, ,0
473269,14898, ,2009,07,8,74,48, ,61,0,4,0, ,0, ,0
473269,14898, ,2009,07,9,80,50, ,65,0,0,0, ,0, ,0
473269,14898, ,2009,07,10,85,64, ,75,10,0,0.33, ,0, ,0
473269,14898, ,2009,07,11,77,57, ,67,2,0,0.11, ,0, ,0
473269,14898, ,2009,07,12,77,50, ,64,0,1,0, ,0, ,0
473269,14898, ,2009,07,13,79,48, ,64,0,1,0, ,0, ,0
473269,14898, ,2009,07,14,80,50, ,65,0,0,T,null,0, ,0
473269,14898, ,2009,07,15,82,62, ,72,7,0,T,null,0, ,0
473269,14898, ,2009,07,16,75,56, ,66,1,0,0, ,0, ,0
473269,14898, ,2009,07,17,65,54, ,60,0,5,0.01, ,0, ,0
473269,14898, ,2009,07,18,69,51, ,60,0,5,0.01, ,0, ,0
473269,14898, ,2009,07,19,74,48, ,61,0,4,0, ,0, ,0
473269,14898, ,2009,07,20,78,50, ,64,0,1,0, ,0, ,0
473269,14898, ,2009,07,21,79,55, ,67,2,0,T,null,0, ,0
473269,14898, ,2009,07,22,74,56, ,65,0,0,T,null,0, ,0
473269,14898, ,2009,07,23,81,53, ,67,2,0,T,null,0, ,0
473269,14898, ,2009,07,24,81,54, ,68,3,0,0, ,0, ,0
473269,14898, ,2009,07,25,76,58, ,67,2,0,0.58, ,0, ,0
473269,14898, ,2009,07,26,78,58, ,68,3,0,0.11, ,0, ,0
473269,14898, ,2009,07,27,79,55, ,67,2,0,T,null,0, ,0
473269,14898, ,2009,07,28,79,56, ,68,3,0,0, ,0, ,0
473269,14898, ,2009,07,29,78,52, ,65,0,0,0, ,0, ,0
473269,14898, ,2009,07,30,70,56, ,63,0,2,0.18, ,0, ,0
473269,14898, ,2009,07,31,78,50, ,64,0,1,0, ,0, ,0,65.4,76.6,54.1,85,48,49,33,1.33,0

473269,14898, ,2009,08,1,75,52, ,64,0,1,0.04, ,0, ,0
473269,14898, ,2009,08,2,77,51, ,64,0,1,T,null,0, ,0
473269,14898, ,2009,08,3,83,63, ,73,8,0,0.20, ,0, ,0
473269,14898, ,2009,08,4,78,55, ,67,2,0,0.03, ,0, ,0
473269,14898, ,2009,08,5,76,51, ,64,0,1,0, ,0, ,0
473269,14898, ,2009,08,6,79,50, ,65,0,0,0, ,0, ,0
473269,14898, ,2009,08,7,71,57, ,64,0,1,0.14, ,0, ,0
473269,14898, ,2009,08,8,81,63, ,72,7,0,0.87, ,0, ,0
473269,14898, ,2009,08,9,87,69, ,78,13,0,0.59, ,0, ,0
473269,14898, ,2009,08,10,83,65, ,74,9,0,T,null,0, ,0
473269,14898, ,2009,08,11,78,60, ,69,4,0,0, ,0, ,0
473269,14898, ,2009,08,12,83,56, ,70,5,0,0, ,0, ,0
473269,14898, ,2009,08,13,83,57, ,70,5,0,0, ,0, ,0
473269,14898, ,2009,08,14,87,64, ,76,11,0,T,null,0, ,0
473269,14898, ,2009,08,15,85,63, ,74,9,0,0, ,0, ,0
473269,14898, ,2009,08,16,82,64, ,73,8,0,T,null,0, ,0
473269,14898, ,2009,08,17,77,62, ,70,5,0,T,null,0, ,0
473269,14898, ,2009,08,18,78,54, ,66,1,0,0, ,0, ,0
473269,14898, ,2009,08,19,78,51, ,65,0,0,0.01, ,0, ,0
473269,14898, ,2009,08,20,75,62, ,69,4,0,0.47, ,0, ,0
473269,14898, ,2009,08,21,68,56, ,62,0,3,0.23, ,0, ,0
473269,14898, ,2009,08,22,70,51, ,61,0,4,0, ,0, ,0
473269,14898, ,2009,08,23,71,48, ,60,0,5,0, ,0, ,0
473269,14898, ,2009,08,24,78,50, ,64,0,1,0, ,0, ,0
473269,14898, ,2009,08,25,73,58, ,66,1,0,0.24, ,0, ,0
473269,14898, ,2009,08,26,74,53, ,64,0,1,0, ,0, ,0
473269,14898, ,2009,08,27,71,51, ,61,0,4,0, ,0, ,0
473269,14898, ,2009,08,28,71,47, ,59,0,6,0.37, ,0, ,0
473269,14898, ,2009,08,29,60,50, ,55,0,10,0.14, ,0, ,0
473269,14898, ,2009,08,30,67,43, ,55,0,10,0, ,0, ,0
473269,14898, ,2009,08,31,68,40, ,54,0,11,0, ,0, ,0,65.9,76.4,55.4,87,40,92,59,3.33,0

473269,14898, ,2009,09,1,72,41, ,57,0,8,0, ,0, ,0
473269,14898, ,2009,09,2,75,43, ,59,0,6,0, ,0, ,0
473269,14898, ,2009,09,3,76,45, ,61,0,4,0, ,0, ,0
473269,14898, ,2009,09,4,78,46, ,62,0,3,0, ,0, ,0
473269,14898, ,2009,09,5,78,47, ,63,0,2,0, ,0, ,0
473269,14898, ,2009,09,6,79,49, ,64,0,1,0, ,0, ,0
473269,14898, ,2009,09,7,79,50, ,65,0,0,0, ,0, ,0
473269,14898, ,2009,09,8,79,50, ,65,0,0,0, ,0, ,0
473269,14898, ,2009,09,9,79,52, ,66,1,0,0, ,0, ,0
473269,14898, ,2009,09,10,82,55, ,69,4,0,0, ,0, ,0
473269,14898, ,2009,09,11,81,54, ,68,3,0,0, ,0, ,0
473269,14898, ,2009,09,12,82,50, ,66,1,0,0, ,0, ,0
473269,14898, ,2009,09,13,84,52, ,68,3,0,0, ,0, ,0
473269,14898, ,2009,09,14,85,57, ,71,6,0,0, ,0, ,0
473269,14898, ,2009,09,15,80,58, ,69,4,0,0, ,0, ,0
473269,14898, ,2009,09,16,69,46, ,58,0,7,0, ,0, ,0
473269,14898, ,2009,09,17,74,42, ,58,0,7,0, ,0, ,0
473269,14898, ,2009,09,18,72,48, ,60,0,5,0, ,0, ,0
473269,14898, ,2009,09,19,74,43, ,59,0,6,0, ,0, ,0
473269,14898, ,2009,09,20,74,44, ,59,0,6,0.15, ,0, ,0
473269,14898, ,2009,09,21,72,55, ,64,0,1,0.33, ,0, ,0
473269,14898, ,2009,09,22,67,52, ,60,0,5,0.24, ,0, ,0
473269,14898, ,2009,09,23,73,57, ,65,0,0,T,null,0, ,0
473269,14898, ,2009,09,24,73,54, ,64,0,1,0, ,0, ,0
473269,14898, ,2009,09,25,71,51, ,61,0,4,0.19, ,0, ,0
473269,14898, ,2009,09,26,71,52, ,62,0,3,0.01, ,0, ,0
473269,14898, ,2009,09,27,72,50, ,61,0,4,0.01, ,0, ,0
473269,14898, ,2009,09,28,56,46, ,51,0,14,0.29, ,0, ,0
473269,14898, ,2009,09,29,55,38, ,47,0,18,0, ,0, ,0
473269,14898, ,2009,09,30,56,31, ,44,0,21,0, ,0, ,0,61.3,73.9,48.6,85,31,22,126,1.22,0


