DSET,COOPID,WBNID,CD,ELEM,UN,YEARMO,DAHR, DAY01,F,F,DAHR, DAY02,F,F,DAHR, DAY03,F,F,DAHR, DAY04,F,F,DAHR, DAY05,F,F,DAHR, DAY06,F,F,DAHR, DAY07,F,F,DAHR, DAY08,F,F,DAHR, DAY09,F,F,DAHR, DAY10,F,F,DAHR, DAY11,F,F,DAHR, DAY12,F,F,DAHR, DAY13,F,F,DAHR, DAY14,F,F,DAHR, DAY15,F,F,DAHR, DAY16,F,F,DAHR, DAY17,F,F,DAHR, DAY18,F,F,DAHR, DAY19,F,F,DAHR, DAY20,F,F,DAHR, DAY21,F,F,DAHR, DAY22,F,F,DAHR, DAY23,F,F,DAHR, DAY24,F,F,DAHR, DAY25,F,F,DAHR, DAY26,F,F,DAHR, DAY27,F,F,DAHR, DAY28,F,F,DAHR, DAY29,F,F,DAHR, DAY30,F,F,DAHR, DAY31,F,F
----,------,-----,--,----,--,------,----,------,-,-,----,------,-,-,----,------,-,-,----,------,-,-,----,------,-,-,----,------,-,-,----,------,-,-,----,------,-,-,----,------,-,-,----,------,-,-,----,------,-,-,----,------,-,-,----,------,-,-,----,------,-,-,----,------,-,-,----,------,-,-,----,------,-,-,----,------,-,-,----,------,-,-,----,------,-,-,----,------,-,-,----,------,-,-,----,------,-,-,----,------,-,-,----,------,-,-,----,------,-,-,----,------,-,-,----,------,-,-,----,------,-,-,----,------,-,-,----,------,-,-
3200,473269,14898,06,WTEQ,TI,200610,0124, 00000, ,0,0224, 00000, ,0,0324, 00000, ,0,0424, 00000, ,0,0524, 00000, ,0,0624, 00000, ,0,0724, 00000, ,0,0824, 00000, ,0,0924, 00000, ,0,1024, 00000, ,0,1124, 00000, ,0,1224, 00000, ,0,1324, 00000, ,0,1424, 00000, ,0,1524, 00000, ,0,1624, 00000, ,0,1724, 00000, ,0,1824, 00000, ,0,1924, 00000, ,0,2024, 00000, ,0,2124, 00000, ,0,2224, 00000, ,0,2324, 00000, ,0,2424, 00000, ,0,2524, 00000, ,0,2624, 00000, ,0,2724, 00000, ,0,2824, 00000, ,0,2924, 00000, ,0,3024, 00000, ,0,3124, 00000, ,0
3200,473269,14898,06,WTEQ,TI,200611,0124, 00000, ,0,0224, 00000, ,0,0324, 00000, ,0,0424, 00000, ,0,0524, 00000, ,0,0624, 00000, ,0,0724, 00000, ,0,0824, 00000, ,0,0924, 00000, ,0,1024, 00000, ,0,1124, 00000, ,0,1224, 00000, ,0,1324, 00000, ,0,1424, 00000, ,0,1524, 00000, ,0,1624, 00000, ,0,1724, 00000, ,0,1824, 00000, ,0,1924, 00000, ,0,2024, 00000, ,0,2124, 00000, ,0,2224, 00000, ,0,2324, 00000, ,0,2424, 00000, ,0,2524, 00000, ,0,2624, 00000, ,0,2724, 00000, ,0,2824, 00000, ,0,2924, 00000, ,0,3024, 00000, ,0,3199,-99999,M, 
3200,473269,14898,06,WTEQ,TI,200612,0124, 00000, ,0,0224, 00000, ,0,0324, 00000, ,0,0424, 00000, ,0,0524, 00000, ,0,0624, 00000, ,0,0724, 00000, ,0,0824, 00000, ,0,0924, 00000, ,0,1024, 00000, ,0,1124, 00000, ,0,1224, 00000, ,0,1324, 00000, ,0,1424, 00000, ,0,1524, 00000, ,0,1624, 00000, ,0,1724, 00000, ,0,1824, 00000, ,0,1924, 00000, ,0,2024, 00000, ,0,2124, 00000, ,0,2224, 00000, ,0,2324, 00000, ,0,2424, 00000, ,0,2524, 00000, ,0,2624, 00000, ,0,2724, 00000, ,0,2824, 00000, ,0,2924, 00000, ,0,3024, 00000, ,0,3124, 00000, ,0
3200,473269,14898,06,WTEQ,TI,200701,0124, 00000, ,0,0224, 00000, ,0,0324, 00000, ,0,0424, 00000, ,0,0524, 00000, ,0,0624, 00000, ,0,0724, 00000, ,0,0824, 00000, ,0,0924, 00000, ,0,1024, 00000, ,0,1124, 00000, ,0,1224, 00000, ,0,1324, 00000, ,0,1424, 00000, ,0,1524, 00000, ,0,1624, 00000, ,0,1724, 00000, ,0,1824, 00000, ,0,1924, 00000, ,0,2024, 00000, ,0,2124, 00000, ,0,2224, 00000, ,0,2324, 00000, ,0,2424, 00000, ,0,2524, 00000, ,0,2624, 00000, ,0,2724, 00000, ,0,2824, 00000, ,0,2924, 00000, ,0,3024, 00000, ,0,3124, 00000, ,0
3200,473269,14898,06,WTEQ,TI,200702,0124, 00000, ,0,0224, 00000, ,0,0324, 00000, ,0,0424, 00000, ,0,0524, 00000, ,0,0624, 00000, ,0,0724, 00000, ,0,0824, 00000, ,0,0924, 00000, ,0,1024, 00000, ,0,1124, 00000, ,0,1224, 00000, ,0,1324, 00000, ,0,1424, 00000, ,0,1524, 00000, ,0,1624, 00000, ,0,1724, 00000, ,0,1824, 00000, ,0,1924, 00000, ,0,2024, 00000, ,0,2124, 00000, ,0,2224, 00000, ,0,2324, 00000, ,0,2424, 00000, ,0,2524, 00000, ,0,2624, 00000, ,0,2724, 00000, ,0,2824, 00000, ,0,2999,-99999,M, ,3099,-99999,M, ,3199,-99999,M, 
3200,473269,14898,06,WTEQ,TI,200703,0124, 00000, ,0,0224, 00000, ,0,0324, 00000, ,0,0424, 00000, ,0,0524, 00000, ,0,0624, 00000, ,0,0724, 00000, ,0,0824, 00000, ,0,0924, 00000, ,0,1024, 00000, ,0,1124, 00000, ,0,1224, 00000, ,0,1324, 00000, ,0,1424, 00000, ,0,1524, 00000, ,0,1624, 00000, ,0,1724, 00000, ,0,1824, 00000, ,0,1924, 00000, ,0,2024, 00000, ,0,2124, 00000, ,0,2224, 00000, ,0,2324, 00000, ,0,2424, 00000, ,0,2524, 00000, ,0,2624, 00000, ,0,2724, 00000, ,0,2824, 00000, ,0,2924, 00000, ,0,3024, 00000, ,0,3124, 00000, ,0
3200,473269,14898,06,WTEQ,TI,200704,0124, 00000, ,0,0224, 00000, ,0,0324, 00000, ,0,0424, 00000, ,0,0524, 00000, ,0,0624, 00000, ,0,0724, 00000, ,0,0824, 00000, ,0,0924, 00000, ,0,1024, 00000, ,0,1124, 00000, ,0,1224, 00000, ,0,1324, 00000, ,0,1424, 00000, ,0,1524, 00000, ,0,1624, 00000, ,0,1724, 00000, ,0,1824, 00000, ,0,1924, 00000, ,0,2024, 00000, ,0,2124, 00000, ,0,2224, 00000, ,0,2324, 00000, ,0,2424, 00000, ,0,2524, 00000, ,0,2624, 00000, ,0,2724, 00000, ,0,2824, 00000, ,0,2924, 00000, ,0,3024, 00000, ,0,3199,-99999,M, 
3200,473269,14898,06,WTEQ,TI,200705,0124, 00000, ,0,0224, 00000, ,0,0324, 00000, ,0,0424, 00000, ,0,0524, 00000, ,0,0624, 00000, ,0,0724, 00000, ,0,0824, 00000, ,0,0924, 00000, ,0,1024, 00000, ,0,1124, 00000, ,0,1224, 00000, ,0,1324, 00000, ,0,1424, 00000, ,0,1524, 00000, ,0,1624, 00000, ,0,1724, 00000, ,0,1824, 00000, ,0,1924, 00000, ,0,2024, 00000, ,0,2124, 00000, ,0,2224, 00000, ,0,2324, 00000, ,0,2424, 00000, ,0,2524, 00000, ,0,2624, 00000, ,0,2724, 00000, ,0,2824, 00000, ,0,2924, 00000, ,0,3024, 00000, ,0,3124, 00000, ,0
3200,473269,14898,06,WTEQ,TI,200706,0124, 00000, ,0,0224, 00000, ,0,0324, 00000, ,0,0424, 00000, ,0,0524, 00000, ,0,0624, 00000, ,0,0724, 00000, ,0,0824, 00000, ,0,0924, 00000, ,0,1024, 00000, ,0,1124, 00000, ,0,1224, 00000, ,0,1324, 00000, ,0,1424, 00000, ,0,1524, 00000, ,0,1624, 00000, ,0,1724, 00000, ,0,1824, 00000, ,0,1924, 00000, ,0,2024, 00000, ,0,2124, 00000, ,0,2224, 00000, ,0,2324, 00000, ,0,2424, 00000, ,0,2524, 00000, ,0,2624, 00000, ,0,2724, 00000, ,0,2824, 00000, ,0,2924, 00000, ,0,3024, 00000, ,0,3199,-99999,M, 
3200,473269,14898,06,WTEQ,TI,200707,0124, 00000, ,0,0224, 00000, ,0,0324, 00000, ,0,0424, 00000, ,0,0524, 00000, ,0,0624, 00000, ,0,0724, 00000, ,0,0824, 00000, ,0,0924, 00000, ,0,1024, 00000, ,0,1124, 00000, ,0,1224, 00000, ,0,1324, 00000, ,0,1424, 00000, ,0,1524, 00000, ,0,1624, 00000, ,0,1724, 00000, ,0,1824, 00000, ,0,1924, 00000, ,0,2024, 00000, ,0,2124, 00000, ,0,2224, 00000, ,0,2324, 00000, ,0,2424, 00000, ,0,2524, 00000, ,0,2624, 00000, ,0,2724, 00000, ,0,2824, 00000, ,0,2924, 00000, ,0,3024, 00000, ,0,3124, 00000, ,0
3200,473269,14898,06,WTEQ,TI,200708,0124, 00000, ,0,0224, 00000, ,0,0324, 00000, ,0,0424, 00000, ,0,0524, 00000, ,0,0624, 00000, ,0,0724, 00000, ,0,0824, 00000, ,0,0924, 00000, ,0,1024, 00000, ,0,1124, 00000, ,0,1224, 00000, ,0,1324, 00000, ,0,1424, 00000, ,0,1524, 00000, ,0,1624, 00000, ,0,1724, 00000, ,0,1824, 00000, ,0,1924, 00000, ,0,2024, 00000, ,0,2124, 00000, ,0,2224, 00000, ,0,2324, 00000, ,0,2424, 00000, ,0,2524, 00000, ,0,2624, 00000, ,0,2724, 00000, ,0,2824, 00000, ,0,2924, 00000, ,0,3024, 00000, ,0,3124, 00000, ,0
3200,473269,14898,06,WTEQ,TI,200709,0124, 00000, ,0,0224, 00000, ,0,0324, 00000, ,0,0424, 00000, ,0,0524, 00000, ,0,0624, 00000, ,0,0724, 00000, ,0,0824, 00000, ,0,0924, 00000, ,0,1024, 00000, ,0,1124, 00000, ,0,1224, 00000, ,0,1324, 00000, ,0,1424, 00000, ,0,1524, 00000, ,0,1624, 00000, ,0,1724, 00000, ,0,1824, 00000, ,0,1924, 00000, ,0,2024, 00000, ,0,2124, 00000, ,0,2224, 00000, ,0,2324, 00000, ,0,2424, 00000, ,0,2524, 00000, ,0,2624, 00000, ,0,2724, 00000, ,0,2824, 00000, ,0,2924, 00000, ,0,3024, 00000, ,0,3199,-99999,M, 
3200,473269,14898,06,WTEQ,TI,200710,0124, 00000, ,0,0224, 00000, ,0,0324, 00000, ,0,0424, 00000, ,0,0524, 00000, ,0,0624, 00000, ,0,0724, 00000, ,0,0824, 00000, ,0,0924, 00000, ,0,1024, 00000, ,0,1124, 00000, ,0,1224, 00000, ,0,1324, 00000, ,0,1424, 00000, ,0,1524, 00000, ,0,1624, 00000, ,0,1724, 00000, ,0,1824, 00000, ,0,1924, 00000, ,0,2024, 00000, ,0,2124, 00000, ,0,2224, 00000, ,0,2324, 00000, ,0,2424, 00000, ,0,2524, 00000, ,0,2624, 00000, ,0,2724, 00000, ,0,2824, 00000, ,0,2924, 00000, ,0,3024, 00000, ,0,3124, 00000, ,0
3200,473269,14898,06,WTEQ,TI,200711,0124, 00000, ,0,0224, 00000, ,0,0324, 00000, ,0,0424, 00000, ,0,0524, 00000, ,0,0624, 00000, ,0,0724, 00000, ,0,0824, 00000, ,0,0924, 00000, ,0,1024, 00000, ,0,1124, 00000, ,0,1224, 00000, ,0,1324, 00000, ,0,1424, 00000, ,0,1524, 00000, ,0,1624, 00000, ,0,1724, 00000, ,0,1824, 00000, ,0,1924, 00000, ,0,2024, 00000, ,0,2124, 00000, ,0,2224, 00000, ,0,2324, 00000, ,0,2424, 00000, ,0,2524, 00000, ,0,2624, 00000, ,0,2724, 00000, ,0,2824, 00000, ,0,2924, 00000, ,0,3024, 00000, ,0,3199,-99999,M, 
3200,473269,14898,06,WTEQ,TI,200712,0124, 00000, ,0,0224, 00000, ,0,0324, 00000, ,0,0424, 00000, ,0,0524, 00000, ,0,0624, 00000, ,0,0724, 00000, ,0,0824, 00000, ,0,0924, 00000, ,0,1024, 00000, ,0,1124, 00000, ,0,1224, 00000, ,0,1324, 00000, ,0,1424, 00000, ,0,1524, 00000, ,0,1624, 00000, ,0,1724, 00000, ,0,1824, 00000, ,0,1924, 00000, ,0,2024, 00000, ,0,2124, 00000, ,0,2224, 00000, ,0,2324, 00000, ,0,2424, 00000, ,0,2524, 00000, ,0,2624, 00000, ,0,2724, 00000, ,0,2824, 00000, ,0,2924, 00000, ,0,3024, 00000, ,0,3124, 00000, ,0
3200,473269,14898,06,WTEQ,TI,200801,0124, 00000, ,0,0224, 00000, ,0,0324, 00000, ,0,0424, 00000, ,0,0524, 00000, ,0,0624, 00000, ,0,0724, 00000, ,0,0824, 00000, ,0,0924, 00000, ,0,1024, 00000, ,0,1124, 00000, ,0,1224, 00000, ,0,1324, 00000, ,0,1424, 00000, ,0,1524, 00000, ,0,1624, 00000, ,0,1724, 00000, ,0,1824, 00000, ,0,1924, 00000, ,0,2024, 00000, ,0,2124, 00000, ,0,2224, 00000, ,0,2324, 00000, ,0,2424, 00000, ,0,2524, 00000, ,0,2624, 00000, ,0,2724, 00000, ,0,2824, 00000, ,0,2924, 00000, ,0,3024, 00000, ,0,3124, 00000, ,0
3200,473269,14898,06,WTEQ,TI,200802,0124, 00000, ,0,0224, 00000, ,0,0324, 00000, ,0,0424, 00000, ,0,0524, 00000, ,0,0624, 00000, ,0,0724, 00000, ,0,0824, 00000, ,0,0924, 00000, ,0,1024, 00000, ,0,1124, 00000, ,0,1224, 00000, ,0,1324, 00000, ,0,1424, 00000, ,0,1524, 00000, ,0,1624, 00000, ,0,1724, 00000, ,0,1824, 00000, ,0,1924, 00000, ,0,2024, 00000, ,0,2124, 00000, ,0,2224, 00000, ,0,2324, 00000, ,0,2424, 00000, ,0,2524, 00000, ,0,2624, 00000, ,0,2724, 00000, ,0,2824, 00000, ,0,2924, 00000, ,0,3099,-99999,M, ,3199,-99999,M, 
3200,473269,14898,06,WTEQ,TI,200803,0124, 00000, ,0,0224, 00000, ,0,0324, 00000, ,0,0424, 00000, ,0,0524, 00000, ,0,0624, 00000, ,0,0724, 00000, ,0,0824, 00000, ,0,0924, 00000, ,0,1024, 00000, ,0,1124, 00000, ,0,1224, 00000, ,0,1324, 00000, ,0,1424, 00000, ,0,1524, 00000, ,0,1624, 00000, ,0,1724, 00000, ,0,1824, 00000, ,0,1924, 00000, ,0,2024, 00000, ,0,2124, 00000, ,0,2224, 00000, ,0,2324, 00000, ,0,2424, 00000, ,0,2524, 00000, ,0,2624, 00000, ,0,2724, 00000, ,0,2824, 00000, ,0,2924, 00000, ,0,3024, 00000, ,0,3124, 00000, ,0
3200,473269,14898,06,WTEQ,TI,200804,0124, 00000, ,0,0224, 00000, ,0,0324, 00000, ,0,0424, 00000, ,0,0524, 00000, ,0,0624, 00000, ,0,0724, 00000, ,0,0824, 00000, ,0,0924, 00000, ,0,1024, 00000, ,0,1124, 00000, ,0,1224, 00000, ,0,1324, 00000, ,0,1424, 00000, ,0,1524, 00000, ,0,1624, 00000, ,0,1724, 00000, ,0,1824, 00000, ,0,1924, 00000, ,0,2024, 00000, ,0,2124, 00000, ,0,2224, 00000, ,0,2324, 00000, ,0,2424, 00000, ,0,2524, 00000, ,0,2624, 00000, ,0,2724, 00000, ,0,2824, 00000, ,0,2924, 00000, ,0,3024, 00000, ,0,3199,-99999,M, 
3200,473269,14898,06,WTEQ,TI,200805,0124, 00000, ,0,0224, 00000, ,0,0324, 00000, ,0,0424, 00000, ,0,0524, 00000, ,0,0624, 00000, ,0,0724, 00000, ,0,0824, 00000, ,0,0924, 00000, ,0,1024, 00000, ,0,1124, 00000, ,0,1224, 00000, ,0,1324, 00000, ,0,1424, 00000, ,0,1524, 00000, ,0,1624, 00000, ,0,1724, 00000, ,0,1824, 00000, ,0,1924, 00000, ,0,2024, 00000, ,0,2124, 00000, ,0,2224, 00000, ,0,2324, 00000, ,0,2424, 00000, ,0,2524, 00000, ,0,2624, 00000, ,0,2724, 00000, ,0,2824, 00000, ,0,2924, 00000, ,0,3024, 00000, ,0,3124, 00000, ,0
3200,473269,14898,06,WTEQ,TI,200806,0124, 00000, ,0,0224, 00000, ,0,0324, 00000, ,0,0424, 00000, ,0,0524, 00000, ,0,0624, 00000, ,0,0724, 00000, ,0,0824, 00000, ,0,0924, 00000, ,0,1024, 00000, ,0,1124, 00000, ,0,1224, 00000, ,0,1324, 00000, ,0,1424, 00000, ,0,1524, 00000, ,0,1624, 00000, ,0,1724, 00000, ,0,1824, 00000, ,0,1924, 00000, ,0,2024, 00000, ,0,2124, 00000, ,0,2224, 00000, ,0,2324, 00000, ,0,2424, 00000, ,0,2524, 00000, ,0,2624, 00000, ,0,2724, 00000, ,0,2824, 00000, ,0,2924, 00000, ,0,3024, 00000, ,0,3199,-99999,M, 
3200,473269,14898,06,WTEQ,TI,200807,0124, 00000, ,0,0224, 00000, ,0,0324, 00000, ,0,0424, 00000, ,0,0524, 00000, ,0,0624, 00000, ,0,0724, 00000, ,0,0824, 00000, ,0,0924, 00000, ,0,1024, 00000, ,0,1124, 00000, ,0,1224, 00000, ,0,1324, 00000, ,0,1424, 00000, ,0,1524, 00000, ,0,1624, 00000, ,0,1724, 00000, ,0,1824, 00000, ,0,1924, 00000, ,0,2024, 00000, ,0,2124, 00000, ,0,2224, 00000, ,0,2324, 00000, ,0,2424, 00000, ,0,2524, 00000, ,0,2624, 00000, ,0,2724, 00000, ,0,2824, 00000, ,0,2924, 00000, ,0,3024, 00000, ,0,3124, 00000, ,0
3200,473269,14898,06,WTEQ,TI,200808,0124, 00000, ,0,0224, 00000, ,0,0324, 00000, ,0,0424, 00000, ,0,0524, 00000, ,0,0624, 00000, ,0,0724, 00000, ,0,0824, 00000, ,0,0924, 00000, ,0,1024, 00000, ,0,1124, 00000, ,0,1224, 00000, ,0,1324, 00000, ,0,1424, 00000, ,0,1524, 00000, ,0,1624, 00000, ,0,1724, 00000, ,0,1824, 00000, ,0,1924, 00000, ,0,2024, 00000, ,0,2124, 00000, ,0,2224, 00000, ,0,2324, 00000, ,0,2424, 00000, ,0,2524, 00000, ,0,2624, 00000, ,0,2724, 00000, ,0,2824, 00000, ,0,2924, 00000, ,0,3024, 00000, ,0,3124, 00000, ,0
3200,473269,14898,06,WTEQ,TI,200809,0124, 00000, ,0,0224, 00000, ,0,0324, 00000, ,0,0424, 00000, ,0,0524, 00000, ,0,0624, 00000, ,0,0724, 00000, ,0,0824, 00000, ,0,0924, 00000, ,0,1024, 00000, ,0,1124, 00000, ,0,1224, 00000, ,0,1324, 00000, ,0,1424, 00000, ,0,1524, 00000, ,0,1624, 00000, ,0,1724, 00000, ,0,1824, 00000, ,0,1924, 00000, ,0,2024, 00000, ,0,2124, 00000, ,0,2224, 00000, ,0,2324, 00000, ,0,2424, 00000, ,0,2524, 00000, ,0,2624, 00000, ,0,2724, 00000, ,0,2824, 00000, ,0,2924, 00000, ,0,3024, 00000, ,0,3199,-99999,M, 
3200,473269,14898,06,WTEQ,TI,200810,0124, 00000, ,0,0224, 00000, ,0,0324, 00000, ,0,0424, 00000, ,0,0524, 00000, ,0,0624, 00000, ,0,0724, 00000, ,0,0824, 00000, ,0,0924, 00000, ,0,1024, 00000, ,0,1124, 00000, ,0,1224, 00000, ,0,1324, 00000, ,0,1424, 00000, ,0,1524, 00000, ,0,1624, 00000, ,0,1724, 00000, ,0,1824, 00000, ,0,1924, 00000, ,0,2024, 00000, ,0,2124, 00000, ,0,2224, 00000, ,0,2324, 00000, ,0,2424, 00000, ,0,2524, 00000, ,0,2624, 00000, ,0,2724, 00000, ,0,2824, 00000, ,0,2924, 00000, ,0,3024, 00000, ,0,3124, 00000, ,0
3200,473269,14898,06,WTEQ,TI,200811,0124, 00000, ,0,0224, 00000, ,0,0324, 00000, ,0,0424, 00000, ,0,0524, 00000, ,0,0624, 00000, ,0,0724, 00000, ,0,0824, 00000, ,0,0924, 00000, ,0,1024, 00000, ,0,1124, 00000, ,0,1224, 00000, ,0,1324, 00000, ,0,1424, 00000, ,0,1524, 00000, ,0,1624, 00000, ,0,1724, 00000, ,0,1824, 00000, ,0,1924, 00000, ,0,2024, 00000, ,0,2124, 00000, ,0,2224, 00000, ,0,2324, 00000, ,0,2424, 00000, ,0,2524, 00000, ,0,2624, 00000, ,0,2724, 00000, ,0,2824, 00000, ,0,2924, 00000, ,0,3024, 00000, ,0,3199,-99999,M, 
3200,473269,14898,06,WTEQ,TI,200812,0124, 00000, ,0,0224, 00000, ,0,0324, 00000, ,0,0424, 00000, ,0,0524, 00000, ,0,0624, 00000, ,0,0724, 00000, ,0,0824, 00000, ,0,0924, 00000, ,0,1024, 00000, ,0,1124, 00000, ,0,1224, 00000, ,0,1324, 00000, ,0,1424, 00000, ,0,1524, 00000, ,0,1624, 00000, ,0,1724, 00000, ,0,1824, 00000, ,0,1924, 00000, ,0,2024, 00000, ,0,2124, 00000, ,0,2224, 00000, ,0,2324, 00000, ,0,2424, 00000, ,0,2524, 00000, ,0,2624, 00000, ,0,2724, 00000, ,0,2824, 00000, ,0,2924, 00000, ,0,3024, 00000, ,0,3124, 00000, ,0
3200,473269,14898,06,WTEQ,TI,200901,0124, 00000, ,0,0224, 00000, ,0,0324, 00000, ,0,0424, 00000, ,0,0524, 00000, ,0,0624, 00000, ,0,0724, 00000, ,0,0824, 00000, ,0,0924, 00000, ,0,1024, 00000, ,0,1124, 00000, ,0,1224, 00000, ,0,1324, 00000, ,0,1424, 00000, ,0,1524, 00000, ,0,1624, 00000, ,0,1724, 00000, ,0,1824, 00000, ,0,1924, 00000, ,0,2024, 00000, ,0,2124, 00000, ,0,2224, 00000, ,0,2324, 00000, ,0,2424, 00000, ,0,2524, 00000, ,0,2624, 00000, ,0,2724, 00000, ,0,2824, 00000, ,0,2924, 00000, ,0,3024, 00000, ,0,3124, 00000, ,0
3200,473269,14898,06,WTEQ,TI,200902,0124, 00000, ,0,0224, 00000, ,0,0324, 00000, ,0,0424, 00000, ,0,0524, 00000, ,0,0624, 00000, ,0,0724, 00000, ,0,0824, 00000, ,0,0924, 00000, ,0,1024, 00000, ,0,1124, 00000, ,0,1224, 00000, ,0,1324, 00000, ,0,1424, 00000, ,0,1524, 00000, ,0,1624, 00000, ,0,1724, 00000, ,0,1824, 00000, ,0,1924, 00000, ,0,2024, 00000, ,0,2124, 00000, ,0,2224, 00000, ,0,2324, 00000, ,0,2424, 00000, ,0,2524, 00000, ,0,2624, 00000, ,0,2724, 00000, ,0,2824, 00000, ,0,2999,-99999,M, ,3099,-99999,M, ,3199,-99999,M, 
3200,473269,14898,06,WTEQ,TI,200903,0124, 00000, ,0,0224, 00000, ,0,0324, 00000, ,0,0424, 00000, ,0,0524, 00000, ,0,0624, 00000, ,0,0724, 00000, ,0,0824, 00000, ,0,0924, 00000, ,0,1024, 00000, ,0,1124, 00000, ,0,1224, 00000, ,0,1324, 00000, ,0,1424, 00000, ,0,1524, 00000, ,0,1624, 00000, ,0,1724, 00000, ,0,1824, 00000, ,0,1924, 00000, ,0,2024, 00000, ,0,2124, 00000, ,0,2224, 00000, ,0,2324, 00000, ,0,2424, 00000, ,0,2524, 00000, ,0,2624, 00000, ,0,2724, 00000, ,0,2824, 00000, ,0,2924, 00000, ,0,3024, 00000, ,0,3124, 00000, ,0
3200,473269,14898,06,WTEQ,TI,200904,0124, 00000, ,0,0224, 00000, ,0,0324, 00000, ,0,0424, 00000, ,0,0524, 00000, ,0,0624, 00000, ,0,0724, 00000, ,0,0824, 00000, ,0,0924, 00000, ,0,1024, 00000, ,0,1124, 00000, ,0,1224, 00000, ,0,1324, 00000, ,0,1424, 00000, ,0,1524, 00000, ,0,1624, 00000, ,0,1724, 00000, ,0,1824, 00000, ,0,1924, 00000, ,0,2024, 00000, ,0,2124, 00000, ,0,2224, 00000, ,0,2324, 00000, ,0,2424, 00000, ,0,2524, 00000, ,0,2624, 00000, ,0,2724, 00000, ,0,2824, 00000, ,0,2924, 00000, ,0,3024, 00000, ,0,3199,-99999,M, 
3200,473269,14898,06,WTEQ,TI,200905,0124, 00000, ,0,0224, 00000, ,0,0324, 00000, ,0,0424, 00000, ,0,0524, 00000, ,0,0624, 00000, ,0,0724, 00000, ,0,0824, 00000, ,0,0924, 00000, ,0,1024, 00000, ,0,1124, 00000, ,0,1224, 00000, ,0,1324, 00000, ,0,1424, 00000, ,0,1524, 00000, ,0,1624, 00000, ,0,1724, 00000, ,0,1824, 00000, ,0,1924, 00000, ,0,2024, 00000, ,0,2124, 00000, ,0,2224, 00000, ,0,2324, 00000, ,0,2424, 00000, ,0,2524, 00000, ,0,2624, 00000, ,0,2724, 00000, ,0,2824, 00000, ,0,2924, 00000, ,0,3024, 00000, ,0,3124, 00000, ,0
3200,473269,14898,06,WTEQ,TI,200906,0124, 00000, ,0,0224, 00000, ,0,0324, 00000, ,0,0424, 00000, ,0,0524, 00000, ,0,0624, 00000, ,0,0724, 00000, ,0,0824, 00000, ,0,0924, 00000, ,0,1024, 00000, ,0,1124, 00000, ,0,1224, 00000, ,0,1324, 00000, ,0,1424, 00000, ,0,1524, 00000, ,0,1624, 00000, ,0,1724, 00000, ,0,1824, 00000, ,0,1924, 00000, ,0,2024, 00000, ,0,2124, 00000, ,0,2224, 00000, ,0,2324, 00000, ,0,2424, 00000, ,0,2524, 00000, ,0,2624, 00000, ,0,2724, 00000, ,0,2824, 00000, ,0,2924, 00000, ,0,3024, 00000, ,0,3199,-99999,M, 
3200,473269,14898,06,WTEQ,TI,200907,0124, 00000, ,0,0224, 00000, ,0,0324, 00000, ,0,0424, 00000, ,0,0524, 00000, ,0,0624, 00000, ,0,0724, 00000, ,0,0824, 00000, ,0,0924, 00000, ,0,1024, 00000, ,0,1124, 00000, ,0,1224, 00000, ,0,1324, 00000, ,0,1424, 00000, ,0,1524, 00000, ,0,1624, 00000, ,0,1724, 00000, ,0,1824, 00000, ,0,1924, 00000, ,0,2024, 00000, ,0,2124, 00000, ,0,2224, 00000, ,0,2324, 00000, ,0,2424, 00000, ,0,2524, 00000, ,0,2624, 00000, ,0,2724, 00000, ,0,2824, 00000, ,0,2924, 00000, ,0,3024, 00000, ,0,3124, 00000, ,0
3200,473269,14898,06,WTEQ,TI,200908,0124, 00000, ,0,0224, 00000, ,0,0324, 00000, ,0,0424, 00000, ,0,0524, 00000, ,0,0624, 00000, ,0,0724, 00000, ,0,0824, 00000, ,0,0924, 00000, ,0,1024, 00000, ,0,1124, 00000, ,0,1224, 00000, ,0,1324, 00000, ,0,1424, 00000, ,0,1524, 00000, ,0,1624, 00000, ,0,1724, 00000, ,0,1824, 00000, ,0,1924, 00000, ,0,2024, 00000, ,0,2124, 00000, ,0,2224, 00000, ,0,2324, 00000, ,0,2424, 00000, ,0,2524, 00000, ,0,2624, 00000, ,0,2724, 00000, ,0,2824, 00000, ,0,2924, 00000, ,0,3024, 00000, ,0,3124, 00000, ,0
3200,473269,14898,06,WTEQ,TI,200909,0124, 00000, ,0,0224, 00000, ,0,0324, 00000, ,0,0424, 00000, ,0,0524, 00000, ,0,0624, 00000, ,0,0724, 00000, ,0,0824, 00000, ,0,0924, 00000, ,0,1024, 00000, ,0,1124, 00000, ,0,1224, 00000, ,0,1324, 00000, ,0,1424, 00000, ,0,1524, 00000, ,0,1624, 00000, ,0,1724, 00000, ,0,1824, 00000, ,0,1924, 00000, ,0,2024, 00000, ,0,2124, 00000, ,0,2224, 00000, ,0,2324, 00000, ,0,2424, 00000, ,0,2524, 00000, ,0,2624, 00000, ,0,2724, 00000, ,0,2824, 00000, ,0,2924, 00000, ,0,3024, 00000, ,0,3199,-99999,M, 

