  train         node      observed          predicted
      y           13    6.776070E-01    8.778999E-01
      y           16   -1.487417E-01   -8.374935E-01
      y           16   -1.191864E-01   -8.374935E-01
      y           17   -5.060999E-02    2.386395E-01
      y           17   -2.000000E+00    2.386395E-01
      y           24    1.452706E+00    1.082486E+00
      y           17    7.041505E-01    2.386395E-01
      y           13    6.919651E-01    8.778999E-01
      y           24    7.965743E-01    1.082486E+00
      y           17    8.129134E-01    2.386395E-01
      y           17    6.180481E-01    2.386395E-01
      y           13    9.854265E-01    8.778999E-01
      y            7    3.330647E+00    2.300573E+00
      y           24    1.860398E+00    1.082486E+00
      y           17    7.693773E-01    2.386395E-01
      y            9   -5.086383E-01   -7.970092E-01
      y           13    3.505958E+00    8.778999E-01
      y            9   -6.020600E-01   -7.970092E-01
      y            9    1.753277E+00   -7.970092E-01
      y           13    2.414489E+00    8.778999E-01
      y           16   -6.020600E-01   -8.374935E-01
      y           13    1.292478E+00    8.778999E-01
      y            9   -1.397940E+00   -7.970092E-01
      y           25    4.969296E-01   -5.163739E-01
      y           25    3.654880E-01   -5.163739E-01
      y            7    2.365113E+00    2.300573E+00
      y            9   -8.092191E-02   -7.970092E-01
      y            7    1.801129E+00    2.300573E+00
      y            9   -3.872161E-01   -7.970092E-01
      y           25   -1.366771E-01   -5.163739E-01
      y           25    6.818586E-02   -5.163739E-01
      y           24    5.453071E-01    1.082486E+00
      y           16   -6.020600E-01   -8.374935E-01
      y           16   -5.850267E-01   -8.374935E-01
      y           13    1.711470E+00    8.778999E-01
      y            7    2.828602E+00    2.300573E+00
      y           16    1.177825E+00   -8.374935E-01
      y           24    2.086324E+00    1.082486E+00
      y           24    1.300813E+00    1.082486E+00
      y           24    1.253822E+00    1.082486E+00
      y           16   -1.301030E+00   -8.374935E-01
      y           17    1.648067E+00    2.386395E-01
      y           24    1.906443E+00    1.082486E+00
      y           17   -6.382722E-01    2.386395E-01
      y           13    6.483600E-01    8.778999E-01
      y            7    2.332681E+00    2.300573E+00
      y           13    2.091702E+00    8.778999E-01
      y            5    1.240799E+00    9.795952E-01
      y           13    9.680157E-01    8.778999E-01
      y            9   -2.365720E-01   -7.970092E-01
      y            5    1.142702E+00    9.795952E-01
      y            9   -9.208188E-01   -7.970092E-01
      y            7    1.652343E+00    2.300573E+00
      y           24    1.177825E+00    1.082486E+00
      y            5    1.210853E+00    9.795952E-01
      y            9   -4.559320E-01   -7.970092E-01
      y            9   -1.301030E+00   -7.970092E-01
      y           13    9.227255E-01    8.778999E-01
      y            9    0.000000E+00   -7.970092E-01
      y           25   -2.146702E-01   -5.163739E-01
      y            7    3.220427E+00    2.300573E+00
      y           16   -4.317983E-01   -8.374935E-01
      y           24    1.443106E+00    1.082486E+00
      y           24    1.524266E+00    1.082486E+00
      y           16   -1.079054E-01   -8.374935E-01
      y           24    2.627120E+00    1.082486E+00
      y           24    1.195069E+00    1.082486E+00
      y           24    1.719828E+00    1.082486E+00
      y           24    1.568202E+00    1.082486E+00
      y            7    2.726597E+00    2.300573E+00
      y           24    1.947924E+00    1.082486E+00
      y           24    1.730944E+00    1.082486E+00
      y           24    1.016197E+00    1.082486E+00
      y           13    1.298416E+00    8.778999E-01
      y            9    1.122216E+00   -7.970092E-01
      y           24    2.047431E+00    1.082486E+00
      y            7    2.989606E+00    2.300573E+00
      y            7    2.983721E+00    2.300573E+00
      y            9    1.456821E+00   -7.970092E-01
      y            9    6.766936E-01   -7.970092E-01
      y            7    3.290704E+00    2.300573E+00
      y            9    8.943161E-01   -7.970092E-01
      y            9    1.168203E+00   -7.970092E-01
      y            9    1.015360E+00   -7.970092E-01
      y            5    2.049567E+00    9.795952E-01
      y           13    2.489930E+00    8.778999E-01
      y           13    1.878062E+00    8.778999E-01
      y           13    2.468185E+00    8.778999E-01
      y            7    2.627079E+00    2.300573E+00
      y            7    2.080663E+00    2.300573E+00
      y           16    2.278867E-01   -8.374935E-01
      y           16    4.345689E-01   -8.374935E-01
      y           16   -1.045757E+00   -8.374935E-01
      y           16    8.990511E-02   -8.374935E-01
      y           24   -1.322827E-02    1.082486E+00
      y           13    1.168203E+00    8.778999E-01
      y            5    1.812847E+00    9.795952E-01
      y            7    3.287551E+00    2.300573E+00
      y           17    1.266702E+00    2.386395E-01
      y           17    3.541084E-01    2.386395E-01
      y            9    2.504200E-01   -7.970092E-01
      y           17    5.078559E-01    2.386395E-01
      y            9    2.278867E-01   -7.970092E-01
      y           24    8.034571E-01    1.082486E+00
      y            9    4.232459E-01   -7.970092E-01
      y            9    3.820170E-01   -7.970092E-01
      y            9   -1.772877E-02   -7.970092E-01
      y            7    1.912222E+00    2.300573E+00
      y            5    2.764618E-01    9.795952E-01
      y            7    2.591521E+00    2.300573E+00
      y            5    1.999826E+00    9.795952E-01
      y            9   -5.228787E-01   -7.970092E-01
      y           13    1.568671E+00    8.778999E-01
      y            9   -8.860566E-01   -7.970092E-01
      y           13    2.532652E+00    8.778999E-01
      y           13    1.604550E+00    8.778999E-01
      y           24    1.303338E-01    1.082486E+00
      y           16   -5.686362E-01   -8.374935E-01
      y           16   -8.239087E-01   -8.374935E-01
      y           17    1.379668E+00    2.386395E-01
      y           24    2.087178E+00    1.082486E+00
      y           17   -1.698970E+00    2.386395E-01
      y           24    1.760649E+00    1.082486E+00
      y           24    1.365675E+00    1.082486E+00
      y           24    8.870544E-01    1.082486E+00
      y           24    1.798236E+00    1.082486E+00
      y           24    1.358506E+00    1.082486E+00
      y           17   -4.089354E-01    2.386395E-01
      y            9   -1.397940E+00   -7.970092E-01
      y            9   -1.154902E+00   -7.970092E-01
      y           13    3.996737E-01    8.778999E-01
      y            9    3.765770E-01   -7.970092E-01
      y            9   -3.565473E-01   -7.970092E-01
      y           13    3.710679E-01    8.778999E-01
      y            9   -7.212464E-01   -7.970092E-01
      y            9   -7.447275E-01   -7.970092E-01
      y            9   -1.397940E+00   -7.970092E-01
      y           16   -1.301030E+00   -8.374935E-01
      y           16   -1.154902E+00   -8.374935E-01
      y           16   -1.096910E+00   -8.374935E-01
      y            9   -1.522879E+00   -7.970092E-01
      y           13    5.105450E-01    8.778999E-01
      y            9   -1.397940E+00   -7.970092E-01
      y           16   -1.154902E+00   -8.374935E-01
      y            9   -6.382722E-01   -7.970092E-01
      y           24   -7.695511E-01    1.082486E+00
      y           16   -1.698970E+00   -8.374935E-01
      y           16   -1.096910E+00   -8.374935E-01
      y           16   -1.301030E+00   -8.374935E-01
      y           16   -1.154902E+00   -8.374935E-01
      y           17   -1.000000E+00    2.386395E-01
      y           17    2.689779E+00    2.386395E-01
      y           24    1.006894E+00    1.082486E+00
      y           17    1.846955E+00    2.386395E-01
      y           17    1.990694E+00    2.386395E-01
      y           17    1.495960E+00    2.386395E-01
      y           24   -2.218488E-01    1.082486E+00
      y            9   -2.000000E+00   -7.970092E-01
      y           13    4.048337E-01    8.778999E-01
      y           17   -1.154902E+00    2.386395E-01
      y           24   -1.397940E+00    1.082486E+00
      y           13    1.427973E+00    8.778999E-01
      y            7    2.283233E+00    2.300573E+00
      y            5    2.984361E+00    9.795952E-01
      y            7    1.934549E+00    2.300573E+00
      y            9    5.921768E-01   -7.970092E-01
      y            7    2.617053E+00    2.300573E+00
      y            7    3.210359E+00    2.300573E+00
      y           13    1.962843E+00    8.778999E-01
      y            9   -5.376020E-01   -7.970092E-01
      y            9   -1.221849E+00   -7.970092E-01
      y            9   -1.023729E-01   -7.970092E-01
      y            7    3.673559E-01    2.300573E+00
      y            9   -8.538720E-01   -7.970092E-01
      y           25   -1.301030E+00   -5.163739E-01
      y            9   -1.301030E+00   -7.970092E-01
      y           13   -7.695511E-01    8.778999E-01
      y            9   -2.000000E+00   -7.970092E-01
      y            9   -1.045757E+00   -7.970092E-01
      y           25   -4.202164E-01   -5.163739E-01
      y            9   -1.301030E+00   -7.970092E-01
      y            9   -1.698970E+00   -7.970092E-01
      y            9   -1.397940E+00   -7.970092E-01
      y           13   -1.674911E-01    8.778999E-01
      y            7    2.050225E+00    2.300573E+00
      y            9   -1.045757E+00   -7.970092E-01
      y           13   -7.058107E-02    8.778999E-01
      y           16   -1.301030E+00   -8.374935E-01
      y           16   -1.698970E+00   -8.374935E-01
      y           13    4.533183E-01    8.778999E-01
      y           16   -2.000000E+00   -8.374935E-01
      y           24    5.690485E-02    1.082486E+00
      y           16   -8.860566E-01   -8.374935E-01
      y           16   -1.698970E+00   -8.374935E-01
      y           16   -3.621217E-02   -8.374935E-01
      y           16   -3.665315E-01   -8.374935E-01
      y           16   -8.538720E-01   -8.374935E-01
      y           17    3.747483E-01    2.386395E-01
      y           17   -8.538720E-01    2.386395E-01
      y            9    1.324488E+00   -7.970092E-01
      y           17   -7.447275E-01    2.386395E-01
      y            9   -8.538720E-01   -7.970092E-01
      y           25   -8.773924E-03   -5.163739E-01
      y           13    1.583625E-01    8.778999E-01
      y            9   -2.000000E+00   -7.970092E-01
      y           13    2.944662E-01    8.778999E-01
      y            9   -1.397940E+00   -7.970092E-01
      y            9   -1.154902E+00   -7.970092E-01
      y           25   -1.522879E+00   -5.163739E-01
      y           13    6.541765E-01    8.778999E-01
      y           13    1.306211E+00    8.778999E-01
      y            9   -1.698970E+00   -7.970092E-01
      y            9   -1.301030E+00   -7.970092E-01
      y            5   -3.767507E-01    9.795952E-01
      y           25   -4.814861E-01   -5.163739E-01
      y            7    1.295787E+00    2.300573E+00
      y           13   -2.757241E-01    8.778999E-01
      y           25    6.445799E-02   -5.163739E-01
      y            5    3.324385E-01    9.795952E-01
      y            9   -1.698970E+00   -7.970092E-01
      y            9   -1.698970E+00   -7.970092E-01
      y           13   -1.154902E+00    8.778999E-01
      y            9   -1.698970E+00   -7.970092E-01
      y            9   -2.000000E+00   -7.970092E-01
      y            7    9.965117E-01    2.300573E+00
      y           16   -6.020600E-01   -8.374935E-01
      y           16   -3.872161E-01   -8.374935E-01
      y            9    9.342169E-02   -7.970092E-01
      y            9   -2.000000E+00   -7.970092E-01
      y            5    1.461280E-01    9.795952E-01
      y           16    2.041200E-01   -8.374935E-01
      y           16   -2.000000E+00   -8.374935E-01
      y           24    4.321374E-03    1.082486E+00
      y           16   -1.522879E+00   -8.374935E-01
      y           16   -2.757241E-01   -8.374935E-01
      y           17    1.436481E+00    2.386395E-01
      y           17   -7.212464E-01    2.386395E-01
      y           24    1.172311E+00    1.082486E+00
      y           17    1.147676E+00    2.386395E-01
      y           17   -7.958800E-01    2.386395E-01
      y           17   -1.522879E+00    2.386395E-01
      y           24    4.409091E-01    1.082486E+00
      y           13    3.747483E-01    8.778999E-01
      y            9   -1.045757E+00   -7.970092E-01
      y            5   -3.767507E-01    9.795952E-01
      y            5    2.922561E-01    9.795952E-01
      y            9   -1.301030E+00   -7.970092E-01
      y            9   -1.221849E+00   -7.970092E-01
      y           13    4.921802E-02    8.778999E-01
      y            9   -1.698970E+00   -7.970092E-01
      y           13    6.201361E-01    8.778999E-01
      y           25    1.072100E-01   -5.163739E-01
      y            9   -1.221849E+00   -7.970092E-01
      y            9   -1.698970E+00   -7.970092E-01
      y           13    9.518230E-01    8.778999E-01
      y           25   -9.208188E-01   -5.163739E-01
      y           25   -1.249387E-01   -5.163739E-01
      y            9   -1.522879E+00   -7.970092E-01
      y           25   -1.522879E+00   -5.163739E-01
      y            9   -3.279021E-01   -7.970092E-01
      y           16   -1.698970E+00   -8.374935E-01
      y           16   -1.698970E+00   -8.374935E-01
      y           16   -2.000000E+00   -8.374935E-01
      y           16   -1.301030E+00   -8.374935E-01
      y            9   -1.522879E+00   -7.970092E-01
      y           16   -5.376020E-01   -8.374935E-01
      y           13    7.481880E-01    8.778999E-01
      y           16   -1.397940E+00   -8.374935E-01
      y           16    3.096302E-01   -8.374935E-01
      y           24    1.047664E+00    1.082486E+00
      y           16   -2.000000E+00   -8.374935E-01
      y           17    3.138672E-01    2.386395E-01
      y           17    2.945020E+00    2.386395E-01
      y           17    1.657247E+00    2.386395E-01
      y           17    6.031444E-01    2.386395E-01
      y           17   -2.000000E+00    2.386395E-01
      y           24    4.166405E-01    1.082486E+00
      y           17   -1.522879E+00    2.386395E-01
      y           17   -1.096910E+00    2.386395E-01
      y            9   -1.698970E+00   -7.970092E-01
      y            9   -1.698970E+00   -7.970092E-01
      y            9   -1.698970E+00   -7.970092E-01
      y            9   -1.698970E+00   -7.970092E-01
      y           13   -1.221849E+00    8.778999E-01
      y            9   -1.698970E+00   -7.970092E-01
      y           25   -1.522879E+00   -5.163739E-01
      y            9   -6.382722E-01   -7.970092E-01
      y            9   -1.522879E+00   -7.970092E-01
      y            9   -1.045757E+00   -7.970092E-01
      y           25   -1.397940E+00   -5.163739E-01
      y           13    6.818586E-02    8.778999E-01
      y           13    2.118930E-02    8.778999E-01
      y           13   -8.538720E-01    8.778999E-01
      y           25   -1.522879E+00   -5.163739E-01
      y            7    1.680336E+00    2.300573E+00
      y           13    1.635484E+00    8.778999E-01
      y            7    1.358886E+00    2.300573E+00
      y           25    1.846914E-01   -5.163739E-01
      y           13    1.170262E+00    8.778999E-01
      y           16   -4.089354E-01   -8.374935E-01
      y            9   -2.000000E+00   -7.970092E-01
      y           13    1.273696E+00    8.778999E-01
