COOPID,WBANID,Prelim,year,month,day,Tmax,Tmin,Tobs,Tmean,Cdd,Hdd,Prcp,Flag,Snow,Flag,Snwd,meanTmean,meanTmax,meanTmin,highTmax,lowTmin,sumCdd,sumHdd,sumprcp,sumsnow
219067,99999, ,1990,10,1,68,47,63,58,0,7,T,null,0, ,0
219067,99999, ,1990,10,2,75,43,68,59,0,6,T,null,0, ,0
219067,99999, ,1990,10,3,68,48,55,58,0,7,0.90, ,0, ,0
219067,99999, ,1990,10,4,69,55,65,62,0,3,0, ,0, ,0
219067,99999, ,1990,10,5,82,55,75,69,4,0,0, ,0, ,0
219067,99999, ,1990,10,6,75,52,70,64,0,1,0, ,0, ,0
219067,99999, ,1990,10,7,57,42,99999,50,0,15,0, ,0, ,0
219067,99999, ,1990,10,8,55,41,42,48,0,17,T,null,0, ,0
219067,99999, ,1990,10,9,53,33,49,43,0,22,0, ,0, ,0
219067,99999, ,1990,10,10,54,35,46,45,0,20,0, ,0, ,0
219067,99999, ,1990,10,11,65,35,59,50,0,15,0, ,0, ,0
219067,99999, ,1990,10,12,59,40,51,50,0,15,0, ,0, ,0
219067,99999, ,1990,10,13,60,38,54,49,0,16,0, ,0, ,0
219067,99999, ,1990,10,14,59,49,59,54,0,11,0, ,0, ,0
219067,99999, ,1990,10,15,60,40,57,50,0,15,0, ,0, ,0
219067,99999, ,1990,10,16,64,49,59,57,0,8,0, ,0, ,0
219067,99999, ,1990,10,17,69,44,69,57,0,8,0.03, ,0, ,0
219067,99999, ,1990,10,18,42,28,99999,35,0,30,T,null,0, ,0
219067,99999, ,1990,10,19,49,28,42,39,0,26,T,null,0, ,0
219067,99999, ,1990,10,20,52,42,49,47,0,18,0.38, ,0, ,0
219067,99999, ,1990,10,21,49,32,49,41,0,24,0, ,0, ,0
219067,99999, ,1990,10,22,58,30,50,44,0,21,T,null,0, ,0
219067,99999, ,1990,10,23,64,44,57,54,0,11,T,null,0, ,0
219067,99999, ,1990,10,24,57,36,50,47,0,18,0, ,0, ,0
219067,99999, ,1990,10,25,51,31,45,41,0,24,0, ,0, ,0
219067,99999, ,1990,10,26,62,36,58,49,0,16,0, ,0, ,0
219067,99999, ,1990,10,27,58,50,54,54,0,11,0, ,0, ,0
219067,99999, ,1990,10,28,54,34,48,44,0,21,0, ,0, ,0
219067,99999, ,1990,10,29,66,45,61,56,0,9,0, ,0, ,0
219067,99999, ,1990,10,30,65,43,59,54,0,11,0, ,0, ,0
219067,99999, ,1990,10,31,69,41,61,55,0,10,0, ,0, ,0,50.9,60.9,40.8,82,28,4,436,1.31,0

219067,99999, ,1990,11,1,70,49,70,60,0,5,0, ,0, ,0
219067,99999, ,1990,11,2,70,50,60,60,0,5,0.05, ,0, ,0
219067,99999, ,1990,11,3,60,33,36,47,0,18,0.05, ,0, ,0
219067,99999, ,1990,11,4,37,32,34,35,0,30,T,null,0, ,0
219067,99999, ,1990,11,5,40,32,38,36,0,29,0, ,0, ,0
219067,99999, ,1990,11,6,39,31,38,35,0,30,T,null,T,null,0
219067,99999, ,1990,11,7,38,24,33,31,0,34,0, ,0, ,0
219067,99999, ,1990,11,8,33,24,30,29,0,36,T,null,0, ,0
219067,99999, ,1990,11,9,49,30,46,40,0,25,0, ,0, ,0
219067,99999, ,1990,11,10,46,26,43,36,0,29,0, ,0, ,0
219067,99999, ,1990,11,11,47,26,46,37,0,28,T,null,0, ,0
219067,99999, ,1990,11,12,46,29,40,38,0,27,0, ,0, ,0
219067,99999, ,1990,11,13,46,27,42,37,0,28,0, ,0, ,0
219067,99999, ,1990,11,14,72,34,65,53,0,12,0, ,0, ,0
219067,99999, ,1990,11,15,68,47,65,58,0,7,0, ,0, ,0
219067,99999, ,1990,11,16,65,34,49,50,0,15,0, ,0, ,0
219067,99999, ,1990,11,17,49,31,48,40,0,25,0, ,0, ,0
219067,99999, ,1990,11,18,54,36,54,45,0,20,0, ,0, ,0
219067,99999, ,1990,11,19,54,36,49,45,0,20,0, ,0, ,0
219067,99999, ,1990,11,20,59,37,49,48,0,17,T,null,0, ,0
219067,99999, ,1990,11,21,71,43,70,57,0,8,0.14, ,0, ,0
219067,99999, ,1990,11,22,70,41,44,56,0,9,0, ,0, ,0
219067,99999, ,1990,11,23,47,32,36,40,0,25,0, ,0, ,0
219067,99999, ,1990,11,24,57,31,43,44,0,21,0, ,0, ,0
219067,99999, ,1990,11,25,43,24,32,34,0,31,0, ,0, ,0
219067,99999, ,1990,11,26,42,21,36,32,0,33,T,null,0, ,0
219067,99999, ,1990,11,27,37,29,37,33,0,32,0.25, ,0, ,0
219067,99999, ,1990,11,28,30,20,99999,25,0,40,0, ,0, ,0
219067,99999, ,1990,11,29,40,19,35,30,0,35,0, ,0, ,0
219067,99999, ,1990,11,30,48,33,47,41,0,24,0, ,0, ,0,41.5,50.9,32.0,72,19,0,698,0.49,0

219067,99999, ,1990,12,1,47,27,37,37,0,28,0, ,0, , 
219067,99999, ,1990,12,2,37,23,29,30,0,35,0, ,0, , 
219067,99999, ,1990,12,3,29,23,25,26,0,39,0, ,0, , 
219067,99999, ,1990,12,4,25,13,19,19,0,46,999.99,null,0.8, , 
219067,99999, ,1990,12,5,37,15,35,26,0,39,0, ,0, , 
219067,99999, ,1990,12,6,35,25,33,30,0,35,0, ,0, , 
219067,99999, ,1990,12,7,40,25,39,33,0,32,0, ,0, , 
219067,99999, ,1990,12,8,48,34,47,41,0,24,0, ,0, , 
219067,99999, ,1990,12,9,48,31,44,40,0,25,0, ,0, , 
219067,99999, ,1990,12,10,44,28,40,36,0,29,0, ,0, , 
219067,99999, ,1990,12,11,40,24,38,32,0,33,0, ,0, , 
219067,99999, ,1990,12,12,38,23,35,31,0,34,0, ,0, , 
219067,99999, ,1990,12,13,35,11,25,23,0,42,0, ,0, , 
219067,99999, ,1990,12,14,31,11,29,21,0,44,999.99,null,0.3, , 
219067,99999, ,1990,12,15,33,27,33,30,0,35,999.99,null,0.2, , 
219067,99999, ,1990,12,16,33,29,30,31,0,34,0, ,0, , 
219067,99999, ,1990,12,17,33,31,33,32,0,33,999.99,null,7.0, , 
219067,99999, ,1990,12,18,33,21,24,27,0,38,0, ,0, , 
219067,99999, ,1990,12,19,29,20,24,25,0,40,T,null,T,null, 
219067,99999, ,1990,12,20,36,1,36,19,0,46,T,null,0, , 
219067,99999, ,1990,12,21,8,-2,99999,3,0,62,999.99,null,1.0, , 
219067,99999, ,1990,12,22,4,-15,-9,-5,0,70,0, ,0, , 
219067,99999, ,1990,12,23,-2,-12,-6,-7,0,72,0, ,0, , 
219067,99999, ,1990,12,24,15,-9,-4,3,0,62,0, ,0, , 
219067,99999, ,1990,12,25,15,-10,0,3,0,62,999.99,null,0.3, , 
219067,99999, ,1990,12,26,2,-17,-5,-7,0,72,999.99,null,0.1, , 
219067,99999, ,1990,12,27,21,-5,16,8,0,57,0, ,0, , 
219067,99999, ,1990,12,28,28,16,27,22,0,43,T,null,T,null, 
219067,99999, ,1990,12,29,27,-4,5,12,0,53,T,null,T,null, 
219067,99999, ,1990,12,30,5,-7,0,-1,0,66,0, ,0, , 
219067,99999, ,1990,12,31,20,-7,6,7,0,58,0, ,0, , ,20.1,28.2,11.9,48,-17,0,1388,0,9.7

219067,99999, ,1991,01,1,27,16,24,22,0,43,0, ,0, , 
219067,99999, ,1991,01,2,16,-4,99999,6,0,59,0, ,0, , 
219067,99999, ,1991,01,3,12,-9,9,2,0,63,0, ,0, , 
219067,99999, ,1991,01,4,13,-5,6,4,0,61,0, ,0, , 
219067,99999, ,1991,01,5,19,0,16,10,0,55,0.03, ,9999.9,null, 
219067,99999, ,1991,01,6,16,0,11,8,0,57,0, ,0, , 
219067,99999, ,1991,01,7,13,-10,6,2,0,63,0, ,0, , 
219067,99999, ,1991,01,8,25,12,23,19,0,46,0, ,0, , 
219067,99999, ,1991,01,9,23,9,11,16,0,49,0, ,0, , 
219067,99999, ,1991,01,10,21,11,16,16,0,49,T,null,T,null, 
219067,99999, ,1991,01,11,25,16,23,21,0,44,999.99,null,2.0, , 
219067,99999, ,1991,01,12,26,9,26,18,0,47,T,null,T,null, 
219067,99999, ,1991,01,13,30,23,26,27,0,38,0, ,0, , 
219067,99999, ,1991,01,14,37,26,34,32,0,33,0, ,0, , 
219067,99999, ,1991,01,15,34,18,26,26,0,39,0, ,0, , 
219067,99999, ,1991,01,16,27,18,23,23,0,42,0, ,0, , 
219067,99999, ,1991,01,17,29,15,29,22,0,43,0, ,0, , 
219067,99999, ,1991,01,18,35,18,30,27,0,38,0, ,0, , 
219067,99999, ,1991,01,19,42,30,42,36,0,29,0, ,0, , 
219067,99999, ,1991,01,20,32,13,99999,23,0,42,T,null,T,null, 
219067,99999, ,1991,01,21,18,-5,4,7,0,58,0, ,0, , 
219067,99999, ,1991,01,22,34,-5,13,15,0,50,0, ,0, , 
219067,99999, ,1991,01,23,29,7,12,18,0,47,999.99,null,2.3, , 
219067,99999, ,1991,01,24,12,-8,0,2,0,63,0, ,0, , 
219067,99999, ,1991,01,25,10,-14,6,-2,0,67,0, ,0, , 
219067,99999, ,1991,01,26,23,1,21,12,0,53,0, ,0, , 
219067,99999, ,1991,01,27,31,14,31,23,0,42,0, ,0, , 
219067,99999, ,1991,01,28,31,8,21,20,0,45,0, ,0, , 
219067,99999, ,1991,01,29,9,-1,99999,4,0,61,0, ,0, , 
219067,99999, ,1991,01,30,16,-8,9,4,0,61,0, ,0, , 
219067,99999, ,1991,01,31,20,6,12,13,0,52,0, ,0, , ,15.1,23.7,6.5,42,-14,0,1539,0.03,4.3

219067,99999, ,1991,02,1,34,4,20,19,0,46,0, ,0, , 
219067,99999, ,1991,02,2,44,20,36,32,0,33,0, ,0, , 
219067,99999, ,1991,02,3,50,36,49,43,0,22,0, ,0, , 
219067,99999, ,1991,02,4,49,31,47,40,0,25,0, ,0, , 
219067,99999, ,1991,02,5,47,20,37,34,0,31,0, ,0, , 
219067,99999, ,1991,02,6,38,25,34,32,0,33,0, ,0, , 
219067,99999, ,1991,02,7,46,26,41,36,0,29,0, ,0, , 
219067,99999, ,1991,02,8,47,32,46,40,0,25,0, ,0, , 
219067,99999, ,1991,02,9,47,28,32,38,0,27,0, ,0, , 
219067,99999, ,1991,02,10,35,22,35,29,0,36,0, ,0, , 
219067,99999, ,1991,02,11,23,13,99999,18,0,47,0, ,0, , 
219067,99999, ,1991,02,12,34,11,28,23,0,42,0, ,0, , 
219067,99999, ,1991,02,13,31,26,30,29,0,36,999.99,null,1.0, , 
219067,99999, ,1991,02,14,30,0,14,15,0,50,999.99,null,1.8, , 
219067,99999, ,1991,02,15,14,-6,2,4,0,61,0, ,0, , 
219067,99999, ,1991,02,16,33,2,23,18,0,47,0, ,0, , 
219067,99999, ,1991,02,17,36,23,33,30,0,35,0, ,0, , 
219067,99999, ,1991,02,18,33,25,33,29,0,36,0.04, ,0, , 
219067,99999, ,1991,02,19,33,19,26,26,0,39,0, ,0, , 
219067,99999, ,1991,02,20,40,17,40,29,0,36,0, ,0, , 
219067,99999, ,1991,02,21,47,25,99999,36,0,29,0, ,0, , 
219067,99999, ,1991,02,22,32,18,25,25,0,40,0, ,0, , 
219067,99999, ,1991,02,23,31,15,26,23,0,42,999.99,null,1.0, , 
219067,99999, ,1991,02,24,26,9,17,18,0,47,0, ,0, , 
219067,99999, ,1991,02,25,23,3,21,13,0,52,0, ,0, , 
219067,99999, ,1991,02,26,26,10,23,18,0,47,T,null,T,null, 
219067,99999, ,1991,02,27,27,16,24,22,0,43,T,null,T,null, 
219067,99999, ,1991,02,28,37,19,31,28,0,37,0, ,0, , ,26.5,35.5,17.5,50,-6,0,1073,0.04,3.8

219067,99999, ,1991,03,1,38,30,37,34,0,31,0.68, ,0, ,0
219067,99999, ,1991,03,2,37,15,28,26,0,39,0, ,0, ,0
219067,99999, ,1991,03,3,28,14,25,21,0,44,0, ,0, ,0
219067,99999, ,1991,03,4,40,13,36,27,0,38,0, ,0, ,0
219067,99999, ,1991,03,5,53,29,51,41,0,24,0, ,0, ,0
219067,99999, ,1991,03,6,51,23,24,37,0,28,0, ,0, ,0
219067,99999, ,1991,03,7,30,10,23,20,0,45,0, ,0, ,0
219067,99999, ,1991,03,8,44,23,41,34,0,31,T,null,0, ,0
219067,99999, ,1991,03,9,41,24,33,33,0,32,0, ,0, ,0
219067,99999, ,1991,03,10,45,24,44,35,0,30,0, ,0, ,0
219067,99999, ,1991,03,11,47,34,45,41,0,24,0, ,0, ,0
219067,99999, ,1991,03,12,45,29,30,37,0,28,0.07, ,0.6, ,0
219067,99999, ,1991,03,13,40,24,37,32,0,33,0, ,0, ,0
219067,99999, ,1991,03,14,48,26,40,37,0,28,0, ,0, ,0
219067,99999, ,1991,03,15,49,26,41,38,0,27,0, ,0, ,0
219067,99999, ,1991,03,16,44,27,42,36,0,29,T,null,0, ,0
219067,99999, ,1991,03,17,49,33,45,41,0,24,T,null,0, ,0
219067,99999, ,1991,03,18,46,30,43,38,0,27,T,null,0, ,0
219067,99999, ,1991,03,19,63,30,57,47,0,18,0, ,0, ,0
219067,99999, ,1991,03,20,57,29,55,43,0,22,0, ,0, ,0
219067,99999, ,1991,03,21,55,40,50,48,0,17,T,null,0, ,0
219067,99999, ,1991,03,22,50,36,39,43,0,22,1.00, ,0, ,0
219067,99999, ,1991,03,23,39,35,37,37,0,28,0.20, ,0, ,0
219067,99999, ,1991,03,24,54,36,50,45,0,20,0, ,0, ,0
219067,99999, ,1991,03,25,61,37,99999,49,0,16,0, ,0, ,0
219067,99999, ,1991,03,26,75,50,73,63,0,2,0, ,0, ,0
219067,99999, ,1991,03,27,61,30,99999,46,0,19,0.55, ,0, ,0
219067,99999, ,1991,03,28,41,27,26,34,0,31,T,null,0, ,0
219067,99999, ,1991,03,29,35,23,30,29,0,36,0, ,0, ,0
219067,99999, ,1991,03,30,42,26,40,34,0,31,0, ,0, ,0
219067,99999, ,1991,03,31,48,34,46,41,0,24,T,null,0, ,0,37.5,47.0,28.0,75,10,0,848,2.50,0.6

219067,99999, ,1991,04,1,52,32,45,42,0,23,0, ,0, ,0
219067,99999, ,1991,04,2,57,32,54,45,0,20,0, ,0, ,0
219067,99999, ,1991,04,3,69,35,67,52,0,13,0, ,0, ,0
219067,99999, ,1991,04,4,68,54,63,61,0,4,0, ,0, ,0
219067,99999, ,1991,04,5,84,59,79,72,7,0,0, ,0, ,0
219067,99999, ,1991,04,6,90,65,90,78,13,0,0, ,0, ,0
219067,99999, ,1991,04,7,90,70,78,80,15,0,0, ,0, ,0
219067,99999, ,1991,04,8,70,44,99999,57,0,8,0.60, ,0, ,0
219067,99999, ,1991,04,9,45,32,99999,39,0,26,T,null,T,null,0
219067,99999, ,1991,04,10,53,29,45,41,0,24,0, ,0, ,0
219067,99999, ,1991,04,11,45,36,42,41,0,24,T,null,0, ,0
219067,99999, ,1991,04,12,42,33,34,38,0,27,0.70, ,T,null,0
219067,99999, ,1991,04,13,45,34,40,40,0,25,999.99,S,0, ,0
219067,99999, ,1991,04,14,47,37,44,42,0,23,999.99,null,0, ,0
219067,99999, ,1991,04,15,51,40,51,46,0,19,999.99,null,0, ,0
219067,99999, ,1991,04,16,56,40,51,48,0,17,999.99,null,0, ,0
219067,99999, ,1991,04,17,66,35,54,51,0,14,999.99,null,0, ,0
219067,99999, ,1991,04,18,54,44,51,49,0,16,1.60,A,0, ,0
219067,99999, ,1991,04,19,55,38,49,47,0,18,0, ,0, ,0
219067,99999, ,1991,04,20,55,41,52,48,0,17,0, ,0, ,0
219067,99999, ,1991,04,21,60,35,57,48,0,17,0, ,0, ,0
219067,99999, ,1991,04,22,60,41,60,51,0,14,0.10, ,0, ,0
219067,99999, ,1991,04,23,60,38,45,49,0,16,T,null,0, ,0
219067,99999, ,1991,04,24,68,40,62,54,0,11,0, ,0, ,0
219067,99999, ,1991,04,25,64,52,64,58,0,7,0, ,0, ,0
219067,99999, ,1991,04,26,64,50,59,57,0,8,0.85, ,0, ,0
219067,99999, ,1991,04,27,71,57,69,64,0,1,0, ,0, ,0
219067,99999, ,1991,04,28,77,58,75,68,3,0,0, ,0, ,0
219067,99999, ,1991,04,29,75,55,67,65,0,0,2.50, ,0, ,0
219067,99999, ,1991,04,30,55,45,99999,50,0,15,0.06, ,0, ,0,52.5,61.6,43.4,90,29,38,407,6.41,0

219067,99999, ,1991,05,1,49,40,47,45,0,20,0.08, ,0, ,0
219067,99999, ,1991,05,2,52,40,49,46,0,19,0, ,0, ,0
219067,99999, ,1991,05,3,53,39,51,46,0,19,0.10, ,0, ,0
219067,99999, ,1991,05,4,54,48,53,51,0,14,0, ,0, ,0
219067,99999, ,1991,05,5,53,41,45,47,0,18,1.20, ,0, ,0
219067,99999, ,1991,05,6,46,37,43,42,0,23,0.03, ,0, ,0
219067,99999, ,1991,05,7,59,40,51,50,0,15,0, ,0, ,0
219067,99999, ,1991,05,8,51,40,49,46,0,19,0.01, ,0, ,0
219067,99999, ,1991,05,9,78,44,58,61,0,4,0, ,0, ,0
219067,99999, ,1991,05,10,78,58,74,68,3,0,0, ,0, ,0
219067,99999, ,1991,05,11,84,53,79,69,4,0,0, ,0, ,0
219067,99999, ,1991,05,12,85,70,82,78,13,0,0, ,0, ,0
219067,99999, ,1991,05,13,86,66,79,76,11,0,0.60, ,0, ,0
219067,99999, ,1991,05,14,87,62,85,75,10,0,0, ,0, ,0
219067,99999, ,1991,05,15,85,60,73,73,8,0,1.20, ,0, ,0
219067,99999, ,1991,05,16,77,62,75,70,5,0,1.50, ,0, ,0
219067,99999, ,1991,05,17,75,50,54,63,0,2,0.60, ,0, ,0
219067,99999, ,1991,05,18,54,38,45,46,0,19,0.30, ,0, ,0
219067,99999, ,1991,05,19,70,45,61,58,0,7,0, ,0, ,0
219067,99999, ,1991,05,20,77,48,63,63,0,2,0, ,0, ,0
219067,99999, ,1991,05,21,79,63,76,71,6,0,0, ,0, ,0
219067,99999, ,1991,05,22,85,69,80,77,12,0,0, ,0, ,0
219067,99999, ,1991,05,23,80,72,73,76,11,0,0.08, ,0, ,0
219067,99999, ,1991,05,24,78,68,68,73,8,0,T,null,0, ,0
219067,99999, ,1991,05,25,69,61,69,65,0,0,0.10, ,0, ,0
219067,99999, ,1991,05,26,81,57,68,69,4,0,0.24, ,0, ,0
219067,99999, ,1991,05,27,86,63,85,75,10,0,T,null,0, ,0
219067,99999, ,1991,05,28,89,67,82,78,13,0,0, ,0, ,0
219067,99999, ,1991,05,29,87,70,85,79,14,0,T,null,0, ,0
219067,99999, ,1991,05,30,85,68,77,77,12,0,T,null,0, ,0
219067,99999, ,1991,05,31,77,67,75,72,7,0,0.50, ,0, ,0,63.8,72.5,55.0,89,37,151,181,6.54,0

219067,99999, ,1991,07,1,88,68,79,78,13,0,0.22, ,0, ,0
219067,99999, ,1991,07,2,83,75,83,79,14,0,0, ,0, ,0
219067,99999, ,1991,07,3,83,66,71,75,10,0,T,null,0, ,0
219067,99999, ,1991,07,4,74,62,70,68,3,0,0.03, ,0, ,0
219067,99999, ,1991,07,5,85,61,76,73,8,0,0, ,0, ,0
219067,99999, ,1991,07,6,86,75,82,81,16,0,0, ,0, ,0
219067,99999, ,1991,07,7,82,67,79,75,10,0,0.30, ,0, ,0
219067,99999, ,1991,07,8,79,64,71,72,7,0,0, ,0, ,0
219067,99999, ,1991,07,9,81,62,77,72,7,0,0.02, ,0, ,0
219067,99999, ,1991,07,10,83,63,77,73,8,0,0, ,0, ,0
219067,99999, ,1991,07,11,85,68,85,77,12,0,0.95, ,0, ,0
219067,99999, ,1991,07,12,85,67,76,76,11,0,0, ,0, ,0
219067,99999, ,1991,07,13,81,67,75,74,9,0,T,null,0, ,0
219067,99999, ,1991,07,14,81,62,80,72,7,0,0, ,0, ,0
219067,99999, ,1991,07,15,87,64,81,76,11,0,0, ,0, ,0
219067,99999, ,1991,07,16,91,74,84,83,18,0,0, ,0, ,0
219067,99999, ,1991,07,17,84,68,75,76,11,0,0.32, ,0, ,0
219067,99999, ,1991,07,18,91,69,89,80,15,0,0, ,0, ,0
219067,99999, ,1991,07,19,94,74,85,84,19,0,0.05, ,0, ,0
219067,99999, ,1991,07,20,85,74,78,80,15,0,0.63, ,0, ,0
219067,99999, ,1991,07,21,85,72,81,79,14,0,1.35, ,0, ,0
219067,99999, ,1991,07,22,88,70,82,79,14,0,0.89, ,0, ,0
219067,99999, ,1991,07,23,82,67,74,75,10,0,0, ,0, ,0
219067,99999, ,1991,07,24,80,58,79,69,4,0,0, ,0, ,0
219067,99999, ,1991,07,25,79,60,69,70,5,0,0, ,0, ,0
219067,99999, ,1991,07,26,75,55,74,65,0,0,0, ,0, ,0
219067,99999, ,1991,07,27,74,61,67,68,3,0,0.10, ,0, ,0
219067,99999, ,1991,07,28,67,59,62,63,0,2,0.50, ,0, ,0
219067,99999, ,1991,07,29,71,50,63,61,0,4,T,null,0, ,0
219067,99999, ,1991,07,30,79,57,73,68,3,0,0, ,0, ,0
219067,99999, ,1991,07,31,84,67,80,76,11,0,0, ,0, ,0,73.8,82.3,65.4,94,50,288,6,5.36,0

219067,99999, ,1991,08,1,89,66,89,78,13,0,0, ,0, ,0
219067,99999, ,1991,08,2,79,67,99999,73,8,0,0.20, ,0, ,0
219067,99999, ,1991,08,3,80,60,74,70,5,0,T,null,0, ,0
219067,99999, ,1991,08,4,80,61,77,71,6,0,0, ,0, ,0
219067,99999, ,1991,08,5,77,58,99999,68,3,0,0, ,0, ,0
219067,99999, ,1991,08,6,65,58,61,62,0,3,T,null,0, ,0
219067,99999, ,1991,08,7,70,61,69,66,1,0,0.95, ,0, ,0
219067,99999, ,1991,08,8,70,60,66,65,0,0,1.13, ,0, ,0
219067,99999, ,1991,08,9,80,58,75,69,4,0,0, ,0, ,0
219067,99999, ,1991,08,10,86,59,77,73,8,0,0, ,0, ,0
219067,99999, ,1991,08,11,88,62,80,75,10,0,0, ,0, ,0
219067,99999, ,1991,08,12,83,59,79,71,6,0,0, ,0, ,0
219067,99999, ,1991,08,13,83,64,79,74,9,0,0, ,0, ,0
219067,99999, ,1991,08,14,84,66,80,75,10,0,0, ,0, ,0
219067,99999, ,1991,08,15,81,69,81,75,10,0,0, ,0, ,0
219067,99999, ,1991,08,16,81,68,73,75,10,0,0.35, ,0, ,0
219067,99999, ,1991,08,17,83,68,74,76,11,0,0, ,0, ,0
219067,99999, ,1991,08,18,74,63,70,69,4,0,T,null,0, ,0
219067,99999, ,1991,08,19,74,57,69,66,1,0,0, ,0, ,0
219067,99999, ,1991,08,20,73,55,68,64,0,1,0, ,0, ,0
219067,99999, ,1991,08,21,83,65,77,74,9,0,0.02, ,0, ,0
219067,99999, ,1991,08,22,82,65,78,74,9,0,T,null,0, ,0
219067,99999, ,1991,08,23,82,63,79,73,8,0,0.24, ,0, ,0
219067,99999, ,1991,08,24,86,70,73,78,13,0,0, ,0, ,0
219067,99999, ,1991,08,25,98,73,85,86,21,0,0, ,0, ,0
219067,99999, ,1991,08,26,92,70,88,81,16,0,0, ,0, ,0
219067,99999, ,1991,08,27,93,79,87,86,21,0,0, ,0, ,0
219067,99999, ,1991,08,28,90,69,87,80,15,0,0, ,0, ,0
219067,99999, ,1991,08,29,90,74,81,82,17,0,0, ,0, ,0
219067,99999, ,1991,08,30,91,73,99999,82,17,0,0, ,0, ,0
219067,99999, ,1991,08,31,78,63,72,71,6,0,0, ,0, ,0,73.4,82.1,64.6,98,55,271,4,2.89,0

219067,99999, ,1991,09,1,75,62,75,69,4,0,0, ,0, ,0
219067,99999, ,1991,09,2,82,65,76,74,9,0,0, ,0, ,0
219067,99999, ,1991,09,3,78,59,77,69,4,0,0.10, ,0, ,0
219067,99999, ,1991,09,4,78,56,73,67,2,0,0, ,0, ,0
219067,99999, ,1991,09,5,73,49,64,61,0,4,0.12, ,0, ,0
219067,99999, ,1991,09,6,86,49,72,68,3,0,0, ,0, ,0
219067,99999, ,1991,09,7,85,62,82,74,9,0,0, ,0, ,0
219067,99999, ,1991,09,8,82,64,77,73,8,0,0.71, ,0, ,0
219067,99999, ,1991,09,9,85,68,99999,77,12,0,0.36, ,0, ,0
219067,99999, ,1991,09,10,68,56,66,62,0,3,0, ,0, ,0
219067,99999, ,1991,09,11,66,57,60,62,0,3,0.81, ,0, ,0
219067,99999, ,1991,09,12,72,58,67,65,0,0,0, ,0, ,0
219067,99999, ,1991,09,13,74,64,71,69,4,0,0, ,0, ,0
219067,99999, ,1991,09,14,77,66,77,72,7,0,1.30, ,0, ,0
219067,99999, ,1991,09,15,82,67,79,75,10,0,0, ,0, ,0
219067,99999, ,1991,09,16,79,50,63,65,0,0,0, ,0, ,0
219067,99999, ,1991,09,17,69,49,99999,59,0,6,0.10, ,0, ,0
219067,99999, ,1991,09,18,50,40,48,45,0,20,T,null,0, ,0
219067,99999, ,1991,09,19,48,37,47,43,0,22,0, ,0, ,0
219067,99999, ,1991,09,20,60,31,52,46,0,19,0, ,0, ,0
219067,99999, ,1991,09,21,65,42,60,54,0,11,0, ,0, ,0
219067,99999, ,1991,09,22,61,52,58,57,0,8,0, ,0, ,0
219067,99999, ,1991,09,23,58,38,53,48,0,17,0, ,0, ,0
219067,99999, ,1991,09,24,53,36,48,45,0,20,0.53, ,0, ,0
219067,99999, ,1991,09,25,62,40,60,51,0,14,0.15, ,0, ,0
219067,99999, ,1991,09,26,60,36,50,48,0,17,0, ,0, ,0
219067,99999, ,1991,09,27,55,31,49,43,0,22,T,null,0, ,0
219067,99999, ,1991,09,28,61,35,61,48,0,17,0, ,0, ,0
219067,99999, ,1991,09,29,65,40,62,53,0,12,0, ,0, ,0
219067,99999, ,1991,09,30,66,49,62,58,0,7,0, ,0, ,0,59.7,69.2,50.3,86,31,72,222,4.18,0

219067,99999, ,1991,10,1,72,42,58,57,0,8,0, ,0, ,0
219067,99999, ,1991,10,2,75,47,71,61,0,4,0, ,0, ,0
219067,99999, ,1991,10,3,71,37,53,54,0,11,T,null,0, ,0
219067,99999, ,1991,10,4,53,37,47,45,0,20,0.16, ,0, ,0
219067,99999, ,1991,10,5,47,36,43,42,0,23,0.30, ,0, ,0
219067,99999, ,1991,10,6,46,34,40,40,0,25,0.10, ,0, ,0
219067,99999, ,1991,10,7,59,27,51,43,0,22,0, ,0, ,0
219067,99999, ,1991,10,8,78,40,67,59,0,6,0, ,0, ,0
219067,99999, ,1991,10,9,67,33,58,50,0,15,0, ,0, ,0
219067,99999, ,1991,10,10,58,33,50,46,0,19,T,null,0, ,0
219067,99999, ,1991,10,11,67,43,61,55,0,10,0, ,0, ,0
219067,99999, ,1991,10,12,61,46,57,54,0,11,0, ,0, ,0
219067,99999, ,1991,10,13,57,30,50,44,0,21,0.08, ,0, ,0
219067,99999, ,1991,10,14,50,36,43,43,0,22,0.19, ,0, ,0
219067,99999, ,1991,10,15,47,29,41,38,0,27,0, ,0, ,0
219067,99999, ,1991,10,16,78,38,63,58,0,7,0, ,0, ,0
219067,99999, ,1991,10,17,76,43,70,60,0,5,0, ,0, ,0
219067,99999, ,1991,10,18,44,32,99999,38,0,27,0.25, ,1.4, ,99999
219067,99999, ,1991,10,19,48,33,45,41,0,24,T,null,0, ,0
219067,99999, ,1991,10,20,57,40,54,49,0,16,0, ,0, ,0
219067,99999, ,1991,10,21,68,39,59,54,0,11,0, ,0, ,0
219067,99999, ,1991,10,22,74,37,69,56,0,9,0, ,0, ,0
219067,99999, ,1991,10,23,71,40,59,56,0,9,T,null,0, ,0
219067,99999, ,1991,10,24,66,36,50,51,0,14,1.05, ,0, ,0
219067,99999, ,1991,10,25,50,36,42,43,0,22,T,null,0, ,0
219067,99999, ,1991,10,26,47,40,47,44,0,21,0, ,0, ,0
219067,99999, ,1991,10,27,50,44,49,47,0,18,0, ,0, ,0
219067,99999, ,1991,10,28,60,39,50,50,0,15,0.16, ,0, ,0
219067,99999, ,1991,10,29,63,27,49,45,0,20,0.03, ,0, ,0
219067,99999, ,1991,10,30,35,21,99999,28,0,37,0, ,0, ,0
219067,99999, ,1991,10,31,34,24,32,29,0,36,0.48, ,4.8, ,99999,47.5,59.0,36.1,78,21,0,535,2.80,6.2

219067,99999, ,1991,11,1,38,22,38,30,0,35,3.28, ,5.0, , 
219067,99999, ,1991,11,2,25,14,99999,20,0,45,0, ,0, , 
219067,99999, ,1991,11,3,17,11,16,14,0,51,0, ,0, , 
219067,99999, ,1991,11,4,17,2,14,10,0,55,0, ,0, , 
219067,99999, ,1991,11,5,29,14,24,22,0,43,999.99,null,0.1, , 
219067,99999, ,1991,11,6,29,2,24,16,0,49,0, ,0, , 
219067,99999, ,1991,11,7,24,-5,17,10,0,55,0, ,0, , 
219067,99999, ,1991,11,8,26,8,22,17,0,48,0, ,0, , 
219067,99999, ,1991,11,9,37,16,30,27,0,38,0, ,0, , 
219067,99999, ,1991,11,10,47,30,47,39,0,26,0.05, ,0, , 
219067,99999, ,1991,11,11,34,29,99999,32,0,33,T,null,T,null, 
219067,99999, ,1991,11,12,36,29,34,33,0,32,0, ,0, , 
219067,99999, ,1991,11,13,50,32,46,41,0,24,0, ,0, , 
219067,99999, ,1991,11,14,46,30,36,38,0,27,0.05, ,0, , 
219067,99999, ,1991,11,15,44,33,43,39,0,26,0, ,0, , 
219067,99999, ,1991,11,16,43,26,42,35,0,30,0, ,0, , 
219067,99999, ,1991,11,17,45,24,38,35,0,30,0.70, ,0, , 
219067,99999, ,1991,11,18,50,33,47,42,0,23,0, ,0, , 
219067,99999, ,1991,11,19,47,32,42,40,0,25,0, ,0, , 
219067,99999, ,1991,11,20,47,26,99999,37,0,28,0, ,0, , 
219067,99999, ,1991,11,21,47,41,44,44,0,21,0.55, ,0, , 
219067,99999, ,1991,11,22,44,27,34,36,0,29,0.50, ,0, , 
219067,99999, ,1991,11,23,34,18,26,26,0,39,999.99,null,9.5, , 
219067,99999, ,1991,11,24,26,10,20,18,0,47,999.99,null,2.5, , 
219067,99999, ,1991,11,25,20,-1,17,10,0,55,0, ,0, , 
219067,99999, ,1991,11,26,29,1,22,15,0,50,0.02, ,0.2, , 
219067,99999, ,1991,11,27,27,13,27,20,0,45,0, ,0, , 
219067,99999, ,1991,11,28,27,18,20,23,0,42,0, ,0, , 
219067,99999, ,1991,11,29,33,20,29,27,0,38,0.65, ,9999.9,null, 
219067,99999, ,1991,11,30,32,9,22,21,0,44,0, ,0, , ,26.9,35.0,18.8,50,-5,0,1133,5.80,17.3

219067,99999, ,1991,12,1,23,11,23,17,0,48,0, ,0, , 
219067,99999, ,1991,12,2,23,2,12,13,0,52,0.05, ,0.2, , 
219067,99999, ,1991,12,3,18,-6,18,6,0,59,0.75, ,1.8, , 
219067,99999, ,1991,12,4,18,-6,0,6,0,59,T,null,T,null, 
219067,99999, ,1991,12,5,13,0,12,7,0,58,0.25, ,2.3, , 
219067,99999, ,1991,12,6,41,2,20,22,0,43,0, ,0, , 
219067,99999, ,1991,12,7,46,20,46,33,0,32,0, ,0, , 
219067,99999, ,1991,12,8,46,29,36,38,0,27,T,null,0, , 
219067,99999, ,1991,12,9,39,22,36,31,0,34,0, ,0, , 
219067,99999, ,1991,12,10,45,27,43,36,0,29,0, ,0, , 
219067,99999, ,1991,12,11,43,17,33,30,0,35,0, ,0, , 
219067,99999, ,1991,12,12,37,33,36,35,0,30,999.99,null,1.0, , 
219067,99999, ,1991,12,13,36,21,31,29,0,36,T,null,T,null, 
219067,99999, ,1991,12,14,31,13,15,22,0,43,0, ,0, , 
219067,99999, ,1991,12,15,15,3,7,9,0,56,T,null,T,null, 
219067,99999, ,1991,12,16,28,7,24,18,0,47,0, ,0, , 
219067,99999, ,1991,12,17,28,9,28,19,0,46,999.99,null,0.3, , 
219067,99999, ,1991,12,18,28,-6,9,11,0,54,0, ,0, , 
219067,99999, ,1991,12,19,31,-1,24,15,0,50,0, ,0, , 
219067,99999, ,1991,12,20,35,24,34,30,0,35,T,null,0, , 
219067,99999, ,1991,12,21,36,21,29,29,0,36,0, ,0, , 
219067,99999, ,1991,12,22,37,29,37,33,0,32,0, ,0, , 
219067,99999, ,1991,12,23,37,32,34,35,0,30,0, ,0, , 
219067,99999, ,1991,12,24,38,16,36,27,0,38,0, ,0, , 
219067,99999, ,1991,12,25,36,15,33,26,0,39,0, ,0, , 
219067,99999, ,1991,12,26,33,22,31,28,0,37,0, ,0, , 
219067,99999, ,1991,12,27,34,24,34,29,0,36,0, ,0, , 
219067,99999, ,1991,12,28,34,23,29,29,0,36,0, ,0, , 
219067,99999, ,1991,12,29,33,25,31,29,0,36,0, ,0, , 
219067,99999, ,1991,12,30,32,28,30,30,0,35,0, ,0, , 
219067,99999, ,1991,12,31,34,30,34,32,0,33,0, ,0, , ,24.1,32.5,15.7,46,-6,0,1261,1.05,5.6

219067,99999, ,1992,01,1,32,30,99999,31,0,34,T,null,T,null, 
219067,99999, ,1992,01,2,33,30,33,32,0,33,0, ,0, , 
219067,99999, ,1992,01,3,36,31,35,34,0,31,0, ,0, , 
219067,99999, ,1992,01,4,38,31,37,35,0,30,0, ,0, , 
219067,99999, ,1992,01,5,37,30,33,34,0,31,0, ,0, , 
219067,99999, ,1992,01,6,34,32,33,33,0,32,T,null,0, , 
219067,99999, ,1992,01,7,33,29,31,31,0,34,0, ,0, , 
219067,99999, ,1992,01,8,36,31,35,34,0,31,0.15, ,T,null, 
219067,99999, ,1992,01,9,35,14,28,25,0,40,T,null,T,null, 
219067,99999, ,1992,01,10,33,12,25,23,0,42,0, ,0, , 
219067,99999, ,1992,01,11,46,25,44,36,0,29,0, ,0, , 
219067,99999, ,1992,01,12,44,33,37,39,0,26,0.45, ,0, , 
219067,99999, ,1992,01,13,37,13,26,25,0,40,T,null,T,null, 
219067,99999, ,1992,01,14,26,6,15,16,0,49,T,null,T,null, 
219067,99999, ,1992,01,15,15,-7,5,4,0,61,0, ,0, , 
219067,99999, ,1992,01,16,24,-7,14,9,0,56,T,null,0.1, , 
219067,99999, ,1992,01,17,23,1,14,12,0,53,0, ,0, , 
219067,99999, ,1992,01,18,14,-13,0,1,0,64,0, ,0, , 
219067,99999, ,1992,01,19,29,0,27,15,0,50,0, ,0, , 
219067,99999, ,1992,01,20,36,7,25,22,0,43,0, ,0, , 
219067,99999, ,1992,01,21,38,15,30,27,0,38,0, ,0, , 
219067,99999, ,1992,01,22,36,24,35,30,0,35,0.47, ,0, , 
219067,99999, ,1992,01,23,35,10,19,23,0,42,999.99,null,0.5, , 
219067,99999, ,1992,01,24,19,6,12,13,0,52,999.99,null,0.6, , 
219067,99999, ,1992,01,25,21,12,19,17,0,48,999.99,null,0.3, , 
219067,99999, ,1992,01,26,29,14,22,22,0,43,0, ,0, , 
219067,99999, ,1992,01,27,27,7,25,17,0,48,T,null,T,null, 
219067,99999, ,1992,01,28,26,4,24,15,0,50,T,null,T,null, 
219067,99999, ,1992,01,29,35,20,31,28,0,37,0, ,0, , 
219067,99999, ,1992,01,30,37,24,36,31,0,34,0, ,0, , 
219067,99999, ,1992,01,31,37,26,36,32,0,33,0, ,0, , ,23.7,31.6,15.8,46,-13,0,1269,1.07,1.5

219067,99999, ,1992,02,1,36,22,31,29,0,36,0, ,0, , 
219067,99999, ,1992,02,2,42,26,42,34,0,31,0, ,0, , 
219067,99999, ,1992,02,3,42,30,42,36,0,29,T,null,0, , 
219067,99999, ,1992,02,4,42,19,31,31,0,34,0, ,0, , 
219067,99999, ,1992,02,5,43,16,34,30,0,35,0, ,0, , 
219067,99999, ,1992,02,6,37,30,37,34,0,31,0, ,0, , 
219067,99999, ,1992,02,7,37,12,20,25,0,40,T,null,T,null, 
219067,99999, ,1992,02,8,20,5,13,13,0,52,0, ,0, , 
219067,99999, ,1992,02,9,27,1,27,14,0,51,0, ,0, , 
219067,99999, ,1992,02,10,36,23,36,30,0,35,0, ,0, , 
219067,99999, ,1992,02,11,36,9,22,23,0,42,0, ,0, , 
219067,99999, ,1992,02,12,34,11,28,23,0,42,0, ,0, , 
219067,99999, ,1992,02,13,33,17,31,25,0,40,T,null,T,null, 
219067,99999, ,1992,02,14,34,19,33,27,0,38,0, ,0, , 
219067,99999, ,1992,02,15,34,30,34,32,0,33,0, ,0, , 
219067,99999, ,1992,02,16,37,33,35,35,0,30,0, ,0, , 
219067,99999, ,1992,02,17,40,35,38,38,0,27,0, ,0, , 
219067,99999, ,1992,02,18,38,28,34,33,0,32,0.07, ,1.5, , 
219067,99999, ,1992,02,19,35,30,34,33,0,32,T,null,0, , 
219067,99999, ,1992,02,20,39,24,39,32,0,33,0, ,0, , 
219067,99999, ,1992,02,21,39,19,32,29,0,36,0, ,0, , 
219067,99999, ,1992,02,22,39,26,38,33,0,32,0, ,0, , 
219067,99999, ,1992,02,23,42,25,41,34,0,31,T,null,0, , 
219067,99999, ,1992,02,24,41,26,33,34,0,31,0.03, ,0.6, , 
219067,99999, ,1992,02,25,33,21,30,27,0,38,T,null,T,null, 
219067,99999, ,1992,02,26,47,21,43,34,0,31,0, ,0, , 
219067,99999, ,1992,02,27,47,33,43,40,0,25,0, ,0, , 
219067,99999, ,1992,02,28,43,32,42,38,0,27,0, ,0, , 
219067,99999, ,1992,02,29,42,31,39,37,0,28,0, ,0, , ,30.2,37.8,22.6,47,1,0,1002,0.10,2.1

219067,99999, ,1992,03,1,60,38,58,49,0,16,0, ,0, ,0
219067,99999, ,1992,03,2,58,30,42,44,0,21,0, ,0, ,0
219067,99999, ,1992,03,3,42,33,39,38,0,27,0.39, ,0, ,0
219067,99999, ,1992,03,4,45,33,40,39,0,26,T,null,0, ,0
219067,99999, ,1992,03,5,45,35,45,40,0,25,0.07, ,0, ,0
219067,99999, ,1992,03,6,46,39,45,43,0,22,T,null,0, ,0
219067,99999, ,1992,03,7,45,40,42,43,0,22,0.13, ,0, ,0
219067,99999, ,1992,03,8,44,40,43,42,0,23,0.10, ,0, ,0
219067,99999, ,1992,03,9,43,9,99999,26,0,39,0.62, ,4.8, ,99999
219067,99999, ,1992,03,10,21,6,17,14,0,51,0, ,0, ,99999
219067,99999, ,1992,03,11,24,10,23,17,0,48,T,null,T,null,99999
219067,99999, ,1992,03,12,26,11,23,19,0,46,0, ,0, ,99999
219067,99999, ,1992,03,13,29,10,25,20,0,45,0.16, ,0.3, ,99999
219067,99999, ,1992,03,14,33,20,28,27,0,38,T,null,T,null,0
219067,99999, ,1992,03,15,33,20,28,27,0,38,0, ,0, ,0
219067,99999, ,1992,03,16,44,27,40,36,0,29,0.24, ,0, ,0
219067,99999, ,1992,03,17,49,25,39,37,0,28,0, ,0, ,0
219067,99999, ,1992,03,18,43,23,40,33,0,32,0, ,0, ,0
219067,99999, ,1992,03,19,42,30,39,36,0,29,0, ,0, ,0
219067,99999, ,1992,03,20,40,26,39,33,0,32,0, ,0, ,0
219067,99999, ,1992,03,21,39,25,27,32,0,33,999.99,null,2.8, ,99999
219067,99999, ,1992,03,22,38,10,36,24,0,41,0, ,0, ,99999
219067,99999, ,1992,03,23,51,30,46,41,0,24,0, ,0, ,0
219067,99999, ,1992,03,24,63,32,52,48,0,17,0, ,0, ,0
219067,99999, ,1992,03,25,52,34,46,43,0,22,0, ,0, ,0
219067,99999, ,1992,03,26,46,29,33,38,0,27,T,null,T,null,0
219067,99999, ,1992,03,27,46,24,38,35,0,30,0, ,0, ,0
219067,99999, ,1992,03,28,38,24,34,31,0,34,0.15, ,9999.9,null,99999
219067,99999, ,1992,03,29,40,27,40,34,0,31,0.60, ,9999.9,null,99999
219067,99999, ,1992,03,30,53,27,48,40,0,25,0, ,0, ,0
219067,99999, ,1992,03,31,48,30,37,39,0,26,T,null,0, ,0,34.2,42.8,25.7,63,6,0,947,2.46,7.9

219067,99999, ,1992,04,1,36,26,99999,31,0,34,0, ,0, ,0
219067,99999, ,1992,04,2,44,23,38,34,0,31,0, ,0, ,0
219067,99999, ,1992,04,3,56,34,52,45,0,20,0, ,0, ,0
219067,99999, ,1992,04,4,53,29,47,41,0,24,0, ,0, ,0
219067,99999, ,1992,04,5,61,33,55,47,0,18,0, ,0, ,0
219067,99999, ,1992,04,6,70,48,65,59,0,6,0.13, ,0, ,0
219067,99999, ,1992,04,7,65,43,55,54,0,11,0, ,0, ,0
219067,99999, ,1992,04,8,55,30,46,43,0,22,0.15, ,0, ,0
219067,99999, ,1992,04,9,60,34,47,47,0,18,0, ,0, ,0
219067,99999, ,1992,04,10,47,32,38,40,0,25,0.45, ,0, ,0
219067,99999, ,1992,04,11,41,30,34,36,0,29,T,null,0, ,0
219067,99999, ,1992,04,12,37,22,34,30,0,35,T,null,0, ,0
219067,99999, ,1992,04,13,40,30,37,35,0,30,T,null,T,null,0
219067,99999, ,1992,04,14,49,30,41,40,0,25,T,null,0, ,0
219067,99999, ,1992,04,15,47,37,44,42,0,23,0.84, ,0, ,0
219067,99999, ,1992,04,16,48,35,46,42,0,23,0.16, ,0, ,0
219067,99999, ,1992,04,17,49,39,47,44,0,21,0, ,0, ,0
219067,99999, ,1992,04,18,59,44,47,52,0,13,T,null,0, ,0
219067,99999, ,1992,04,19,67,47,66,57,0,8,0.83, ,0, ,0
219067,99999, ,1992,04,20,66,52,54,59,0,6,0.76, ,0, ,0
219067,99999, ,1992,04,21,54,34,41,44,0,21,0.40, ,0, ,0
219067,99999, ,1992,04,22,45,32,44,39,0,26,0.11, ,0, ,0
219067,99999, ,1992,04,23,44,38,42,41,0,24,T,null,0, ,0
219067,99999, ,1992,04,24,46,40,43,43,0,22,0, ,0, ,0
219067,99999, ,1992,04,25,44,40,42,42,0,23,0, ,0, ,0
219067,99999, ,1992,04,26,49,42,48,46,0,19,0, ,0, ,0
219067,99999, ,1992,04,27,56,32,49,44,0,21,0, ,0, ,0
219067,99999, ,1992,04,28,60,42,57,51,0,14,T,null,0, ,0
219067,99999, ,1992,04,29,75,50,67,63,0,2,0, ,0, ,0
219067,99999, ,1992,04,30,77,51,68,64,0,1,0, ,0, ,0,45.0,53.3,36.6,77,22,0,595,3.83,0

219067,99999, ,1992,05,1,90,65,81,78,13,0,0, ,0, ,0
219067,99999, ,1992,05,2,81,60,69,71,6,0,0, ,0, ,0
219067,99999, ,1992,05,3,69,47,65,58,0,7,0, ,0, ,0
219067,99999, ,1992,05,4,65,43,56,54,0,11,0, ,0, ,0
219067,99999, ,1992,05,5,59,34,52,47,0,18,0, ,0, ,0
219067,99999, ,1992,05,6,68,35,62,52,0,13,0, ,0, ,0
219067,99999, ,1992,05,7,76,56,68,66,1,0,0, ,0, ,0
219067,99999, ,1992,05,8,80,48,73,64,0,1,0, ,0, ,0
219067,99999, ,1992,05,9,83,58,79,71,6,0,0, ,0, ,0
219067,99999, ,1992,05,10,84,68,79,76,11,0,0, ,0, ,0
219067,99999, ,1992,05,11,79,64,78,72,7,0,0.10, ,0, ,0
219067,99999, ,1992,05,12,78,60,69,69,4,0,0.02, ,0, ,0
219067,99999, ,1992,05,13,69,45,59,57,0,8,0, ,0, ,0
219067,99999, ,1992,05,14,65,46,57,56,0,9,0.07, ,0, ,0
219067,99999, ,1992,05,15,71,51,63,61,0,4,T,null,0, ,0
219067,99999, ,1992,05,16,85,54,83,70,5,0,1.30, ,0, ,0
219067,99999, ,1992,05,17,67,54,99999,61,0,4,0.25, ,0, ,0
219067,99999, ,1992,05,18,69,50,60,60,0,5,0, ,0, ,0
219067,99999, ,1992,05,19,79,55,74,67,2,0,0, ,0, ,0
219067,99999, ,1992,05,20,84,60,81,72,7,0,0, ,0, ,0
219067,99999, ,1992,05,21,82,56,80,69,4,0,0.59, ,0, ,0
219067,99999, ,1992,05,22,84,63,80,74,9,0,0.30, ,0, ,0
219067,99999, ,1992,05,23,63,55,99999,59,0,6,0, ,0, ,0
219067,99999, ,1992,05,24,58,45,50,52,0,13,0, ,0, ,0
219067,99999, ,1992,05,25,52,43,50,48,0,17,0.15, ,0, ,0
219067,99999, ,1992,05,26,60,40,56,50,0,15,0, ,0, ,0
219067,99999, ,1992,05,27,65,39,65,52,0,13,0, ,0, ,0
219067,99999, ,1992,05,28,69,45,69,57,0,8,0, ,0, ,0
219067,99999, ,1992,05,29,75,44,70,60,0,5,0, ,0, ,0
219067,99999, ,1992,05,30,77,53,69,65,0,0,0, ,0, ,0
219067,99999, ,1992,05,31,82,54,73,68,3,0,0, ,0, ,0,62.2,73.2,51.3,90,34,78,157,2.78,0

219067,99999, ,1992,06,1,80,58,78,69,4,0,0, ,0, ,0
219067,99999, ,1992,06,2,81,60,78,71,6,0,0, ,0, ,0
219067,99999, ,1992,06,3,84,56,82,70,5,0,0, ,0, ,0
219067,99999, ,1992,06,4,82,61,80,72,7,0,0.33, ,0, ,0
219067,99999, ,1992,06,5,80,57,73,69,4,0,0, ,0, ,0
219067,99999, ,1992,06,6,74,57,65,66,1,0,T,null,0, ,0
219067,99999, ,1992,06,7,75,52,67,64,0,1,0, ,0, ,0
219067,99999, ,1992,06,8,67,54,60,61,0,4,0.05, ,0, ,0
219067,99999, ,1992,06,9,81,54,75,68,3,0,0, ,0, ,0
219067,99999, ,1992,06,10,83,56,79,70,5,0,0, ,0, ,0
219067,99999, ,1992,06,11,89,60,83,75,10,0,0, ,0, ,0
219067,99999, ,1992,06,12,90,69,86,80,15,0,0, ,0, ,0
219067,99999, ,1992,06,13,87,72,84,80,15,0,0, ,0, ,0
219067,99999, ,1992,06,14,87,71,85,79,14,0,0.16, ,0, ,0
219067,99999, ,1992,06,15,85,59,72,72,7,0,0, ,0, ,0
219067,99999, ,1992,06,16,76,59,64,68,3,0,0.92, ,0, ,0
219067,99999, ,1992,06,17,78,66,78,72,7,0,0.51, ,0, ,0
219067,99999, ,1992,06,18,76,60,99999,68,3,0,T,null,0, ,0
219067,99999, ,1992,06,19,62,50,99999,56,0,9,0.09, ,0, ,0
219067,99999, ,1992,06,20,67,46,59,57,0,8,0, ,0, ,0
219067,99999, ,1992,06,21,65,44,62,55,0,10,0, ,0, ,0
219067,99999, ,1992,06,22,62,53,57,58,0,7,0.05, ,0, ,0
219067,99999, ,1992,06,23,75,53,68,64,0,1,0.40, ,0, ,0
219067,99999, ,1992,06,24,73,56,68,65,0,0,T,null,0, ,0
219067,99999, ,1992,06,25,74,59,73,67,2,0,0, ,0, ,0
219067,99999, ,1992,06,26,68,54,99999,61,0,4,0, ,0, ,0
219067,99999, ,1992,06,27,76,53,73,65,0,0,0, ,0, ,0
219067,99999, ,1992,06,28,85,60,76,73,8,0,0, ,0, ,0
219067,99999, ,1992,06,29,76,56,64,66,1,0,T,null,0, ,0
219067,99999, ,1992,06,30,79,59,99999,69,4,0,0, ,0, ,0,67.4,77.2,57.5,90,44,124,44,2.51,0

219067,99999, ,1992,07,1,85,61,81,73,8,0,0, ,0, ,0
219067,99999, ,1992,07,2,81,62,76,72,7,0,0.30, ,0, ,0
219067,99999, ,1992,07,3,76,60,65,68,3,0,T,null,0, ,0
219067,99999, ,1992,07,4,74,63,71,69,4,0,0, ,0, ,0
219067,99999, ,1992,07,5,77,60,70,69,4,0,0, ,0, ,0
219067,99999, ,1992,07,6,77,60,75,69,4,0,0, ,0, ,0
219067,99999, ,1992,07,7,75,64,67,70,5,0,T,null,0, ,0
219067,99999, ,1992,07,8,84,66,78,75,10,0,0.47, ,0, ,0
219067,99999, ,1992,07,9,78,65,76,72,7,0,0.05, ,0, ,0
219067,99999, ,1992,07,10,76,65,73,71,6,0,0.12, ,0, ,0
219067,99999, ,1992,07,11,76,64,74,70,5,0,0.05, ,0, ,0
219067,99999, ,1992,07,12,78,67,70,73,8,0,0.25, ,0, ,0
219067,99999, ,1992,07,13,70,59,65,65,0,0,1.04, ,0, ,0
219067,99999, ,1992,07,14,70,56,67,63,0,2,T,null,0, ,0
219067,99999, ,1992,07,15,75,53,73,64,0,1,T,null,0, ,0
219067,99999, ,1992,07,16,81,64,77,73,8,0,0, ,0, ,0
219067,99999, ,1992,07,17,77,59,71,68,3,0,0.03, ,0, ,0
219067,99999, ,1992,07,18,83,61,80,72,7,0,0, ,0, ,0
219067,99999, ,1992,07,19,80,58,76,69,4,0,0, ,0, ,0
219067,99999, ,1992,07,20,80,58,73,69,4,0,0, ,0, ,0
219067,99999, ,1992,07,21,73,56,67,65,0,0,0, ,0, ,0
219067,99999, ,1992,07,22,73,45,70,59,0,6,0, ,0, ,0
219067,99999, ,1992,07,23,70,54,56,62,0,3,0.90, ,0, ,0
219067,99999, ,1992,07,24,66,56,61,61,0,4,0, ,0, ,0
219067,99999, ,1992,07,25,70,54,67,62,0,3,0, ,0, ,0
219067,99999, ,1992,07,26,73,61,71,67,2,0,T,null,0, ,0
219067,99999, ,1992,07,27,84,64,77,74,9,0,0, ,0, ,0
219067,99999, ,1992,07,28,77,68,73,73,8,0,T,null,0, ,0
219067,99999, ,1992,07,29,73,56,69,65,0,0,0, ,0, ,0
219067,99999, ,1992,07,30,71,55,66,63,0,2,T,null,0, ,0
219067,99999, ,1992,07,31,78,56,74,67,2,0,0, ,0, ,0,67.9,76.2,59.7,85,45,118,21,3.21,0

219067,99999, ,1992,08,1,85,68,85,77,12,0,0, ,0, ,0
219067,99999, ,1992,08,2,85,60,77,73,8,0,0, ,0, ,0
219067,99999, ,1992,08,3,77,52,72,65,0,0,0.94, ,0, ,0
219067,99999, ,1992,08,4,74,51,68,63,0,2,0, ,0, ,0
219067,99999, ,1992,08,5,76,52,72,64,0,1,0, ,0, ,0
219067,99999, ,1992,08,6,72,59,59,66,1,0,0.20, ,0, ,0
219067,99999, ,1992,08,7,68,59,65,64,0,1,0.80, ,0, ,0
219067,99999, ,1992,08,8,89,63,99999,76,11,0,0, ,0, ,0
219067,99999, ,1992,08,9,91,76,83,84,19,0,0, ,0, ,0
219067,99999, ,1992,08,10,83,70,82,77,12,0,0.20, ,0, ,0
219067,99999, ,1992,08,11,82,59,75,71,6,0,0, ,0, ,0
219067,99999, ,1992,08,12,75,54,64,65,0,0,T,null,0, ,0
219067,99999, ,1992,08,13,69,53,67,61,0,4,0, ,0, ,0
219067,99999, ,1992,08,14,71,50,68,61,0,4,0, ,0, ,0
219067,99999, ,1992,08,15,75,50,68,63,0,2,0, ,0, ,0
219067,99999, ,1992,08,16,78,51,75,65,0,0,0, ,0, ,0
219067,99999, ,1992,08,17,75,56,73,66,1,0,0.80, ,0, ,0
219067,99999, ,1992,08,18,77,60,73,69,4,0,0, ,0, ,0
219067,99999, ,1992,08,19,82,54,75,68,3,0,0, ,0, ,0
219067,99999, ,1992,08,20,80,60,74,70,5,0,0, ,0, ,0
219067,99999, ,1992,08,21,82,62,78,72,7,0,0, ,0, ,0
219067,99999, ,1992,08,22,81,64,80,73,8,0,0, ,0, ,0
219067,99999, ,1992,08,23,86,66,84,76,11,0,0, ,0, ,0
219067,99999, ,1992,08,24,87,70,70,79,14,0,0, ,0, ,0
219067,99999, ,1992,08,25,72,55,64,64,0,1,0.34, ,0, ,0
219067,99999, ,1992,08,26,71,52,63,62,0,3,0.03, ,0, ,0
219067,99999, ,1992,08,27,67,52,62,60,0,5,T,null,0, ,0
219067,99999, ,1992,08,28,71,46,66,59,0,6,0, ,0, ,0
219067,99999, ,1992,08,29,80,61,73,71,6,0,0, ,0, ,0
219067,99999, ,1992,08,30,80,61,73,71,6,0,0, ,0, ,0
219067,99999, ,1992,08,31,73,53,66,63,0,2,0, ,0, ,0,68.0,77.9,58.0,91,46,134,31,3.31,0

219067,99999, ,1992,09,1,72,50,69,61,0,4,0, ,0, ,0
219067,99999, ,1992,09,2,68,64,99999,66,1,0,1.30, ,0, ,0
219067,99999, ,1992,09,3,74,56,68,65,0,0,0, ,0, ,0
219067,99999, ,1992,09,4,76,54,73,65,0,0,0.10, ,0, ,0
219067,99999, ,1992,09,5,84,60,80,72,7,0,999.99,null,0, ,0
219067,99999, ,1992,09,6,80,56,75,68,3,0,0, ,0, ,0
219067,99999, ,1992,09,7,75,54,65,65,0,0,0.20, ,0, ,0
219067,99999, ,1992,09,8,66,48,60,57,0,8,0, ,0, ,0
219067,99999, ,1992,09,9,71,54,59,63,0,2,1.46, ,0, ,0
219067,99999, ,1992,09,10,62,48,58,55,0,10,T,null,0, ,0
219067,99999, ,1992,09,11,69,45,63,57,0,8,0, ,0, ,0
219067,99999, ,1992,09,12,73,60,72,67,2,0,0, ,0, ,0
219067,99999, ,1992,09,13,78,63,74,71,6,0,0.05, ,0, ,0
219067,99999, ,1992,09,14,74,61,68,68,3,0,2.60, ,0, ,0
219067,99999, ,1992,09,15,81,54,77,68,3,0,0, ,0, ,0
219067,99999, ,1992,09,16,78,64,69,71,6,0,3.70, ,0, ,0
219067,99999, ,1992,09,17,74,62,63,68,3,0,0, ,0, ,0
219067,99999, ,1992,09,18,74,49,58,62,0,3,T,null,0, ,0
219067,99999, ,1992,09,19,65,44,62,55,0,10,0, ,0, ,0
219067,99999, ,1992,09,20,66,46,64,56,0,9,T,null,0, ,0
219067,99999, ,1992,09,21,73,51,61,62,0,3,T,null,0, ,0
219067,99999, ,1992,09,22,60,44,99999,52,0,13,0, ,0, ,0
219067,99999, ,1992,09,23,64,42,59,53,0,12,0, ,0, ,0
219067,99999, ,1992,09,24,67,51,62,59,0,6,0, ,0, ,0
219067,99999, ,1992,09,25,71,51,67,61,0,4,0, ,0, ,0
219067,99999, ,1992,09,26,67,55,58,61,0,4,T,null,0, ,0
219067,99999, ,1992,09,27,70,52,99999,61,0,4,0, ,0, ,0
219067,99999, ,1992,09,28,57,40,48,49,0,16,0, ,0, ,0
219067,99999, ,1992,09,29,62,27,62,45,0,20,0, ,0, ,0
219067,99999, ,1992,09,30,82,51,71,67,2,0,0, ,0, ,0,61.5,71.1,51.9,84,27,36,136,9.41,0

219067,99999, ,1992,10,1,82,51,71,67,2,0,0, ,0, ,0
219067,99999, ,1992,10,2,85,50,74,68,3,0,0, ,0, ,0
219067,99999, ,1992,10,3,75,55,75,65,0,0,0, ,0, ,0
219067,99999, ,1992,10,4,75,53,73,64,0,1,0, ,0, ,0
219067,99999, ,1992,10,5,73,49,62,61,0,4,0, ,0, ,0
219067,99999, ,1992,10,6,67,54,63,61,0,4,T,null,0, ,0
219067,99999, ,1992,10,7,65,58,56,62,0,3,0, ,0, ,0
219067,99999, ,1992,10,8,59,41,99999,50,0,15,0.15, ,0, ,0
219067,99999, ,1992,10,9,55,40,47,48,0,17,T,null,0, ,0
219067,99999, ,1992,10,10,60,41,57,51,0,14,T,null,0, ,0
219067,99999, ,1992,10,11,68,47,65,58,0,7,0, ,0, ,0
219067,99999, ,1992,10,12,65,45,53,55,0,10,0, ,0, ,0
219067,99999, ,1992,10,13,53,41,48,47,0,18,0, ,0, ,0
219067,99999, ,1992,10,14,52,43,44,48,0,17,0, ,0, ,0
219067,99999, ,1992,10,15,49,40,49,45,0,20,T,null,0, ,0
219067,99999, ,1992,10,16,49,30,39,40,0,25,T,null,T,null,0
219067,99999, ,1992,10,17,44,29,43,37,0,28,0, ,0, ,0
219067,99999, ,1992,10,18,43,33,37,38,0,27,0, ,0, ,0
219067,99999, ,1992,10,19,42,21,38,32,0,33,0, ,0, ,0
219067,99999, ,1992,10,20,45,29,44,37,0,28,T,null,0, ,0
219067,99999, ,1992,10,21,50,35,43,43,0,22,0, ,0, ,0
219067,99999, ,1992,10,22,80,42,72,61,0,4,0, ,0, ,0
219067,99999, ,1992,10,23,75,60,70,68,3,0,0, ,0, ,0
219067,99999, ,1992,10,24,73,42,73,58,0,7,0, ,0, ,0
219067,99999, ,1992,10,25,74,43,70,59,0,6,0, ,0, ,0
219067,99999, ,1992,10,26,70,34,55,52,0,13,0, ,0, ,0
219067,99999, ,1992,10,27,60,31,56,46,0,19,0, ,0, ,0
219067,99999, ,1992,10,28,56,41,49,49,0,16,0, ,0, ,0
219067,99999, ,1992,10,29,49,28,39,39,0,26,0, ,0, ,0
219067,99999, ,1992,10,30,46,24,42,35,0,30,0, ,0, ,0
219067,99999, ,1992,10,31,46,35,41,41,0,24,T,null,0, ,0,50.8,60.8,40.8,85,21,8,438,0.15,0

219067,99999, ,1992,11,1,40,34,99999,37,0,28,1.15, ,0, ,0
219067,99999, ,1992,11,2,44,34,42,39,0,26,0.70, ,0, ,0
219067,99999, ,1992,11,3,36,33,99999,35,0,30,0.04, ,0, ,0
219067,99999, ,1992,11,4,35,32,35,34,0,31,T,null,0, ,0
219067,99999, ,1992,11,5,33,28,99999,31,0,34,0, ,0, ,0
219067,99999, ,1992,11,6,33,26,28,30,0,35,T,null,T,null,99999
219067,99999, ,1992,11,7,29,27,29,28,0,37,T,null,T,null,99999
219067,99999, ,1992,11,8,37,28,36,33,0,32,0, ,0, ,0
219067,99999, ,1992,11,9,53,37,53,45,0,20,0, ,0, ,0
219067,99999, ,1992,11,10,53,39,46,46,0,19,T,null,0, ,0
219067,99999, ,1992,11,11,46,29,42,38,0,27,0, ,0, ,0
219067,99999, ,1992,11,12,40,31,99999,36,0,29,0, ,0, ,0
219067,99999, ,1992,11,13,32,27,99999,30,0,35,T,null,0, ,0
219067,99999, ,1992,11,14,31,20,99999,26,0,39,0, ,0, ,0
219067,99999, ,1992,11,15,30,20,25,25,0,40,0, ,0, ,0
219067,99999, ,1992,11,16,41,25,38,33,0,32,0, ,0, ,0
219067,99999, ,1992,11,17,36,32,99999,34,0,31,0, ,0, ,0
219067,99999, ,1992,11,18,40,32,38,36,0,29,0, ,0, ,0
219067,99999, ,1992,11,19,40,32,39,36,0,29,0.10, ,0, ,0
219067,99999, ,1992,11,20,44,34,43,39,0,26,1.60, ,0, ,0
219067,99999, ,1992,11,21,43,35,39,39,0,26,0.25, ,0, ,0
219067,99999, ,1992,11,22,44,32,43,38,0,27,999.99,null,0, ,0
219067,99999, ,1992,11,23,37,30,99999,34,0,31,0, ,0, ,0
219067,99999, ,1992,11,24,37,32,35,35,0,30,0, ,0, ,0
219067,99999, ,1992,11,25,36,29,35,33,0,32,0.03, ,0.8, ,99999
219067,99999, ,1992,11,26,35,25,30,30,0,35,0, ,0, ,99999
219067,99999, ,1992,11,27,28,22,99999,25,0,40,0, ,0, ,99999
219067,99999, ,1992,11,28,31,19,28,25,0,40,0, ,0, ,99999
219067,99999, ,1992,11,29,28,21,27,25,0,40,0, ,0, ,99999
219067,99999, ,1992,11,30,30,25,30,28,0,37,0, ,0, ,99999,33.2,37.4,29.0,53,19,0,947,3.87,0.8

219067,99999, ,1992,12,1,37,24,31,31,0,34,0.04, ,0, ,0
219067,99999, ,1992,12,2,33,26,29,30,0,35,0, ,0, ,0
219067,99999, ,1992,12,3,29,25,28,27,0,38,0.08, ,2.3, ,99999
219067,99999, ,1992,12,4,28,14,17,21,0,44,999.99,null,0.8, ,99999
219067,99999, ,1992,12,5,21,5,19,13,0,52,0, ,0, ,99999
219067,99999, ,1992,12,6,27,14,25,21,0,44,T,null,0.3, ,99999
219067,99999, ,1992,12,7,27,21,27,24,0,41,0, ,0, ,99999
219067,99999, ,1992,12,8,28,22,99999,25,0,40,0, ,0, ,99999
219067,99999, ,1992,12,9,33,99999,32,99999,99999,99999,0.15, ,0.5, ,99999
219067,99999, ,1992,12,10,36,26,34,31,0,34,0, ,0, ,99999
219067,99999, ,1992,12,11,34,25,29,30,0,35,0, ,0, ,99999
219067,99999, ,1992,12,12,38,23,33,31,0,34,0, ,0, ,99999
219067,99999, ,1992,12,13,35,34,35,35,0,30,0, ,0, ,99999
219067,99999, ,1992,12,14,35,33,34,34,0,31,0.02, ,0, ,99999
219067,99999, ,1992,12,15,39,32,38,36,0,29,0.20, ,0.2, ,99999
219067,99999, ,1992,12,16,38,26,28,32,0,33,0.15, ,0.5, ,99999
219067,99999, ,1992,12,17,28,16,27,22,0,43,0, ,0, ,99999
219067,99999, ,1992,12,18,28,15,26,22,0,43,999.99,null,1.8, ,99999
219067,99999, ,1992,12,19,28,6,23,17,0,48,0, ,0, ,99999
219067,99999, ,1992,12,20,25,9,24,17,0,48,0, ,0, ,99999
219067,99999, ,1992,12,21,33,23,31,28,0,37,0, ,0, ,99999
219067,99999, ,1992,12,22,39,17,31,28,0,37,0, ,0, ,99999
219067,99999, ,1992,12,23,19,-4,99999,8,0,57,0.04, ,0.2, ,99999
219067,99999, ,1992,12,24,23,-11,99999,6,0,59,0, ,0, ,99999
219067,99999, ,1992,12,25,99999,8,11,99999,99999,99999,T,null,T,null,99999
219067,99999, ,1992,12,26,21,6,99999,14,0,51,0, ,0, ,99999
219067,99999, ,1992,12,27,37,19,37,28,0,37,0, ,0, ,99999
219067,99999, ,1992,12,28,37,15,99999,26,0,39,0, ,0, ,99999
219067,99999, ,1992,12,29,34,21,33,28,0,37,0.25, ,2.8, ,99999
219067,99999, ,1992,12,30,28,0,99999,14,0,51,T,null,T,null,99999
219067,99999, ,1992,12,31,4,-9,1,-2,0,67,0, ,0, ,99999,23.0,30.1,16.0,39,-11,0,1208,0.93,9.4

219067,99999, ,1993,02,1,41,28,40,35,0,30,0, ,0, , 
219067,99999, ,1993,02,2,38,27,99999,33,0,32,0, ,0, , 
219067,99999, ,1993,02,3,36,21,33,29,0,36,0, ,0, , 
219067,99999, ,1993,02,4,33,18,28,26,0,39,0, ,0, , 
219067,99999, ,1993,02,5,31,26,29,29,0,36,T,null,T,null, 
219067,99999, ,1993,02,6,31,20,24,26,0,39,0, ,0, , 
219067,99999, ,1993,02,7,32,23,31,28,0,37,0, ,0, , 
219067,99999, ,1993,02,8,31,23,26,27,0,38,0, ,0, , 
219067,99999, ,1993,02,9,33,24,29,29,0,36,999.99,null,0.1, , 
219067,99999, ,1993,02,10,33,27,33,30,0,35,999.99,null,0.1, , 
219067,99999, ,1993,02,11,27,18,99999,23,0,42,999.99,null,0.9, , 
219067,99999, ,1993,02,12,27,18,24,23,0,42,T,null,T,null, 
219067,99999, ,1993,02,13,27,18,24,23,0,42,T,null,T,null, 
219067,99999, ,1993,02,14,22,5,99999,14,0,51,0, ,0, , 
219067,99999, ,1993,02,15,19,4,99999,12,0,53,0, ,0, , 
219067,99999, ,1993,02,16,16,1,13,9,0,56,0, ,0, , 
219067,99999, ,1993,02,17,1,-8,99999,-3,0,68,0, ,0, , 
219067,99999, ,1993,02,18,14,-3,10,6,0,59,0, ,0, , 
219067,99999, ,1993,02,19,24,3,18,14,0,51,0, ,0, , 
219067,99999, ,1993,02,20,25,13,23,19,0,46,T,null,T,null, 
219067,99999, ,1993,02,21,29,19,26,24,0,41,999.99,null,6.0, , 
219067,99999, ,1993,02,22,26,8,23,17,0,48,999.99,null,0.7, , 
219067,99999, ,1993,02,23,10,-3,99999,4,0,61,T,null,T,null, 
219067,99999, ,1993,02,24,14,-10,7,2,0,63,0, ,0, , 
219067,99999, ,1993,02,25,22,-6,12,8,0,57,0, ,0, , 
219067,99999, ,1993,02,26,28,-2,23,13,0,52,0, ,0, , 
219067,99999, ,1993,02,27,29,15,29,22,0,43,0, ,0, , 
219067,99999, ,1993,02,28,36,30,34,33,0,32,0, ,0, , ,19.5,26.2,12.8,41,-10,0,1265,0,7.8

219067,99999, ,1993,03,1,47,19,40,33,0,32,0, ,0, , 
219067,99999, ,1993,03,2,40,25,33,33,0,32,0, ,0, , 
219067,99999, ,1993,03,3,47,26,43,37,0,28,0, ,0, , 
219067,99999, ,1993,03,4,43,31,41,37,0,28,0, ,0, , 
219067,99999, ,1993,03,5,45,31,40,38,0,27,0, ,0, , 
219067,99999, ,1993,03,6,35,26,99999,31,0,34,T,null,0, , 
219067,99999, ,1993,03,7,44,31,42,38,0,27,T,null,0, , 
219067,99999, ,1993,03,8,42,32,38,37,0,28,T,null,0, , 
219067,99999, ,1993,03,9,38,30,37,34,0,31,0.25, ,0.1, , 
219067,99999, ,1993,03,10,35,22,99999,29,0,36,0.23, ,1.3, , 
219067,99999, ,1993,03,11,26,14,99999,20,0,45,0.13, ,0.5, , 
219067,99999, ,1993,03,12,22,8,99999,15,0,50,T,null,T,null, 
219067,99999, ,1993,03,13,20,6,11,13,0,52,0, ,0, , 
219067,99999, ,1993,03,14,17,0,17,9,0,56,0, ,0, , 
219067,99999, ,1993,03,15,40,8,32,24,0,41,0, ,0, , 
219067,99999, ,1993,03,16,41,15,32,28,0,37,0, ,0, , 
219067,99999, ,1993,03,17,18,4,99999,11,0,54,0, ,0, , 
219067,99999, ,1993,03,18,30,6,99999,18,0,47,0, ,0, , 
219067,99999, ,1993,03,19,34,27,32,31,0,34,0.15, ,0.5, , 
219067,99999, ,1993,03,20,37,27,34,32,0,33,0, ,0, , 
219067,99999, ,1993,03,21,40,30,34,35,0,30,0, ,0, , 
219067,99999, ,1993,03,22,33,29,99999,31,0,34,0.20, ,1.3, , 
219067,99999, ,1993,03,23,41,29,38,35,0,30,0.13, ,0, , 
219067,99999, ,1993,03,24,46,34,43,40,0,25,0, ,0, , 
219067,99999, ,1993,03,25,48,32,43,40,0,25,0, ,0, , 
219067,99999, ,1993,03,26,52,30,48,41,0,24,0, ,0, , 
219067,99999, ,1993,03,27,50,29,43,40,0,25,0, ,0, , 
219067,99999, ,1993,03,28,57,33,38,45,0,20,0, ,0, , 
219067,99999, ,1993,03,29,65,30,57,48,0,17,0, ,0, , 
219067,99999, ,1993,03,30,57,38,49,48,0,17,0.21, ,0, , 
219067,99999, ,1993,03,31,49,26,36,38,0,27,0.75, ,1.4, , ,31.7,40.0,23.5,65,0,0,1026,2.05,5.1

219067,99999, ,1993,04,1,37,24,33,31,0,34,0.06, ,0.3, ,99999
219067,99999, ,1993,04,2,40,25,36,33,0,32,0, ,0, ,0
219067,99999, ,1993,04,3,48,20,46,34,0,31,0, ,0, ,0
219067,99999, ,1993,04,4,55,20,52,38,0,27,0, ,0, ,0
219067,99999, ,1993,04,5,52,31,45,42,0,23,0, ,0, ,0
219067,99999, ,1993,04,6,50,37,47,44,0,21,0, ,0, ,0
219067,99999, ,1993,04,7,47,39,41,43,0,22,0.40, ,0, ,0
219067,99999, ,1993,04,8,49,42,46,46,0,19,0.45, ,0, ,0
219067,99999, ,1993,04,9,51,40,47,46,0,19,0, ,0, ,0
219067,99999, ,1993,04,10,58,34,58,46,0,19,0, ,0, ,0
219067,99999, ,1993,04,11,45,33,99999,39,0,26,0.23, ,9999.9,null,99999
219067,99999, ,1993,04,12,50,35,43,43,0,22,0, ,0, ,0
219067,99999, ,1993,04,13,50,35,48,43,0,22,0, ,0, ,0
219067,99999, ,1993,04,14,43,34,99999,39,0,26,0.49, ,0, ,0
219067,99999, ,1993,04,15,39,36,42,38,0,27,1.50, ,9999.9,null,99999
219067,99999, ,1993,04,16,53,30,99999,42,0,23,0.24, ,5.0, ,99999
219067,99999, ,1993,04,17,64,32,53,48,0,17,0, ,0, ,99999
219067,99999, ,1993,04,18,61,50,53,56,0,9,999.99,S,0, ,99999
219067,99999, ,1993,04,19,53,33,41,43,0,22,2.23,A,0, ,99999
219067,99999, ,1993,04,20,55,31,48,43,0,22,0, ,0, ,0
219067,99999, ,1993,04,21,57,30,54,44,0,21,0, ,0, ,0
219067,99999, ,1993,04,22,63,36,59,50,0,15,0, ,0, ,0
219067,99999, ,1993,04,23,68,48,64,58,0,7,0, ,0, ,0
219067,99999, ,1993,04,24,65,52,55,59,0,6,0, ,0, ,0
219067,99999, ,1993,04,25,63,40,62,52,0,13,0, ,0, ,0
219067,99999, ,1993,04,26,62,35,50,49,0,16,0, ,0, ,0
219067,99999, ,1993,04,27,57,42,51,50,0,15,0.78, ,0, ,0
219067,99999, ,1993,04,28,74,48,69,61,0,4,0, ,0, ,0
219067,99999, ,1993,04,29,69,49,65,59,0,6,T,null,0, ,0
219067,99999, ,1993,04,30,65,39,59,52,0,13,T,null,0, ,0,45.4,54.8,36.0,74,20,0,579,6.38,5.3

219067,99999, ,1993,05,1,59,43,99999,51,0,14,0.08, ,0, ,0
219067,99999, ,1993,05,2,54,50,54,52,0,13,0.18, ,0, ,0
219067,99999, ,1993,05,3,57,48,55,53,0,12,0.33, ,0, ,0
219067,99999, ,1993,05,4,60,52,57,56,0,9,0.13, ,0, ,0
219067,99999, ,1993,05,5,76,53,67,65,0,0,0, ,0, ,0
219067,99999, ,1993,05,6,76,60,75,68,3,0,0, ,0, ,0
219067,99999, ,1993,05,7,74,60,68,67,2,0,T,null,0, ,0
219067,99999, ,1993,05,8,84,63,80,74,9,0,0, ,0, ,0
219067,99999, ,1993,05,9,81,68,69,75,10,0,T,null,0, ,0
219067,99999, ,1993,05,10,79,60,79,70,5,0,0.84, ,0, ,0
219067,99999, ,1993,05,11,78,60,66,69,4,0,0, ,0, ,0
219067,99999, ,1993,05,12,78,54,76,66,1,0,0, ,0, ,0
219067,99999, ,1993,05,13,76,51,61,64,0,1,0, ,0, ,0
219067,99999, ,1993,05,14,78,61,69,70,5,0,0.05, ,0, ,0
219067,99999, ,1993,05,15,69,49,63,59,0,6,0, ,0, ,0
219067,99999, ,1993,05,16,65,39,64,52,0,13,0, ,0, ,0
219067,99999, ,1993,05,17,64,39,52,52,0,13,0.16, ,0, ,0
219067,99999, ,1993,05,18,58,39,55,49,0,16,0.10, ,0, ,0
219067,99999, ,1993,05,19,58,46,56,52,0,13,T,null,0, ,0
219067,99999, ,1993,05,20,59,48,57,54,0,11,T,null,0, ,0
219067,99999, ,1993,05,21,71,47,66,59,0,6,0, ,0, ,0
219067,99999, ,1993,05,22,72,44,72,58,0,7,0.02, ,0, ,0
219067,99999, ,1993,05,23,72,49,63,61,0,4,0.36, ,0, ,0
219067,99999, ,1993,05,24,63,49,54,56,0,9,0.15, ,0, ,0
219067,99999, ,1993,05,25,66,49,60,58,0,7,T,null,0, ,0
219067,99999, ,1993,05,26,76,52,67,64,0,1,0, ,0, ,0
219067,99999, ,1993,05,27,74,61,66,68,3,0,0.46, ,0, ,0
219067,99999, ,1993,05,28,66,51,53,59,0,6,0, ,0, ,0
219067,99999, ,1993,05,29,64,51,51,58,0,7,T,null,0, ,0
219067,99999, ,1993,05,30,59,49,58,54,0,11,1.30, ,0, ,0
219067,99999, ,1993,05,31,60,45,60,53,0,12,0, ,0, ,0,59.9,68.6,51.3,84,39,42,191,4.16,0

219067,99999, ,1993,06,1,62,50,61,56,0,9,T,null,0, ,0
219067,99999, ,1993,06,2,60,49,99999,55,0,10,0.14, ,0, ,0
219067,99999, ,1993,06,3,69,47,64,58,0,7,0, ,0, ,0
219067,99999, ,1993,06,4,68,53,58,61,0,4,0, ,0, ,0
219067,99999, ,1993,06,5,76,53,75,65,0,0,0, ,0, ,0
219067,99999, ,1993,06,6,74,58,99999,66,1,0,0, ,0, ,0
219067,99999, ,1993,06,7,72,60,65,66,1,0,0.93, ,0, ,0
219067,99999, ,1993,06,8,75,63,71,69,4,0,0.28, ,0, ,0
219067,99999, ,1993,06,9,72,60,67,66,1,0,0.11, ,0, ,0
219067,99999, ,1993,06,10,80,64,74,72,7,0,0, ,0, ,0
219067,99999, ,1993,06,11,85,59,80,72,7,0,0, ,0, ,0
219067,99999, ,1993,06,12,83,71,78,77,12,0,0, ,0, ,0
219067,99999, ,1993,06,13,84,70,82,77,12,0,0.20, ,0, ,0
219067,99999, ,1993,06,14,73,59,99999,66,1,0,0, ,0, ,0
219067,99999, ,1993,06,15,73,53,99999,63,0,2,0, ,0, ,0
219067,99999, ,1993,06,16,69,63,65,66,1,0,0.66, ,0, ,0
219067,99999, ,1993,06,17,79,60,75,70,5,0,1.10, ,0, ,0
219067,99999, ,1993,06,18,67,62,99999,65,0,0,0.29, ,0, ,0
219067,99999, ,1993,06,19,74,62,69,68,3,0,2.05, ,0, ,0
219067,99999, ,1993,06,20,69,62,64,66,1,0,0.30, ,0, ,0
219067,99999, ,1993,06,21,85,61,78,73,8,0,0.05, ,0, ,0
219067,99999, ,1993,06,22,86,63,82,75,10,0,0, ,0, ,0
219067,99999, ,1993,06,23,85,68,76,77,12,0,T,null,0, ,0
219067,99999, ,1993,06,24,77,66,76,72,7,0,0, ,0, ,0
219067,99999, ,1993,06,25,77,63,74,70,5,0,0, ,0, ,0
219067,99999, ,1993,06,26,85,59,80,72,7,0,0, ,0, ,0
219067,99999, ,1993,06,27,78,57,99999,68,3,0,0, ,0, ,0
219067,99999, ,1993,06,28,73,60,66,67,2,0,0, ,0, ,0
219067,99999, ,1993,06,29,76,59,71,68,3,0,0.51, ,0, ,0
219067,99999, ,1993,06,30,73,58,69,66,1,0,0.20, ,0, ,0,67.5,75.3,59.7,86,47,114,32,6.82,0

219067,99999, ,1993,07,1,72,60,69,66,1,0,0, ,0, ,0
219067,99999, ,1993,07,2,85,68,81,77,12,0,2.70, ,0, ,0
219067,99999, ,1993,07,3,79,64,99999,72,7,0,1.36, ,0, ,0
219067,99999, ,1993,07,4,82,72,80,77,12,0,0.04, ,0, ,0
219067,99999, ,1993,07,5,73,69,99999,71,6,0,0.10, ,0, ,0
219067,99999, ,1993,07,6,84,68,80,76,11,0,T,null,0, ,0
219067,99999, ,1993,07,7,80,60,77,70,5,0,0.15, ,0, ,0
219067,99999, ,1993,07,8,77,57,73,67,2,0,0.10, ,0, ,0
219067,99999, ,1993,07,9,83,63,80,73,8,0,0, ,0, ,0
219067,99999, ,1993,07,10,86,68,84,77,12,0,0.30, ,0, ,0
219067,99999, ,1993,07,11,84,64,73,74,9,0,0.30, ,0, ,0
219067,99999, ,1993,07,12,78,52,74,65,0,0,0, ,0, ,0
219067,99999, ,1993,07,13,74,65,66,70,5,0,0.51, ,0, ,0
219067,99999, ,1993,07,14,78,65,74,72,7,0,0, ,0, ,0
219067,99999, ,1993,07,15,84,62,79,73,8,0,0, ,0, ,0
219067,99999, ,1993,07,16,82,62,77,72,7,0,0, ,0, ,0
219067,99999, ,1993,07,17,76,71,99999,74,9,0,1.40, ,0, ,0
219067,99999, ,1993,07,18,81,72,77,77,12,0,0, ,0, ,0
219067,99999, ,1993,07,19,80,69,80,75,10,0,0.03, ,0, ,0
219067,99999, ,1993,07,20,80,63,75,72,7,0,0, ,0, ,0
219067,99999, ,1993,07,21,80,63,76,72,7,0,0, ,0, ,0
219067,99999, ,1993,07,22,76,66,70,71,6,0,0, ,0, ,0
219067,99999, ,1993,07,23,77,60,75,69,4,0,0, ,0, ,0
219067,99999, ,1993,07,24,80,63,76,72,7,0,0, ,0, ,0
219067,99999, ,1993,07,25,83,66,81,75,10,0,0.10, ,0, ,0
219067,99999, ,1993,07,26,86,68,82,77,12,0,0, ,0, ,0
219067,99999, ,1993,07,27,89,69,81,79,14,0,0.43, ,0, ,0
219067,99999, ,1993,07,28,79,67,99999,73,8,0,0, ,0, ,0
219067,99999, ,1993,07,29,80,68,75,74,9,0,0, ,0, ,0
219067,99999, ,1993,07,30,83,65,80,74,9,0,0, ,0, ,0
219067,99999, ,1993,07,31,80,73,80,77,12,0,0.13, ,0, ,0,72.8,80.4,65.2,89,52,248,0,7.65,0

219067,99999, ,1993,08,1,80,73,80,77,12,0,0.13, ,0, ,0
219067,99999, ,1993,08,2,81,69,90,75,10,0,0, ,0, ,0
219067,99999, ,1993,08,3,79,64,99999,72,7,0,0, ,0, ,0
219067,99999, ,1993,08,4,72,60,72,66,1,0,T,null,0, ,0
219067,99999, ,1993,08,5,75,56,71,66,1,0,0, ,0, ,0
219067,99999, ,1993,08,6,77,59,73,68,3,0,T,null,0, ,0
219067,99999, ,1993,08,7,73,57,72,65,0,0,0, ,0, ,0
219067,99999, ,1993,08,8,82,54,74,68,3,0,0, ,0, ,0
219067,99999, ,1993,08,9,86,61,78,74,9,0,0.96, ,0, ,0
219067,99999, ,1993,08,10,92,66,87,79,14,0,0, ,0, ,0
219067,99999, ,1993,08,11,93,67,89,80,15,0,0, ,0, ,0
219067,99999, ,1993,08,12,92,70,87,81,16,0,T,null,0, ,0
219067,99999, ,1993,08,13,82,72,99999,77,12,0,0, ,0, ,0
219067,99999, ,1993,08,14,78,68,75,73,8,0,0.10, ,0, ,0
219067,99999, ,1993,08,15,86,65,72,76,11,0,1.70, ,0, ,0
219067,99999, ,1993,08,16,87,66,80,77,12,0,1.01, ,0, ,0
219067,99999, ,1993,08,17,87,67,78,77,12,0,0, ,0, ,0
219067,99999, ,1993,08,18,81,69,69,75,10,0,0.83, ,0, ,0
219067,99999, ,1993,08,19,86,67,79,77,12,0,0, ,0, ,0
219067,99999, ,1993,08,20,79,65,76,72,7,0,0, ,0, ,0
219067,99999, ,1993,08,21,78,68,78,73,8,0,0, ,0, ,0
219067,99999, ,1993,08,22,78,65,77,72,7,0,T,null,0, ,0
219067,99999, ,1993,08,23,84,69,82,77,12,0,0, ,0, ,0
219067,99999, ,1993,08,24,89,67,83,78,13,0,0, ,0, ,0
219067,99999, ,1993,08,25,89,66,86,78,13,0,0, ,0, ,0
219067,99999, ,1993,08,26,90,70,83,80,15,0,0.69, ,0, ,0
219067,99999, ,1993,08,27,83,68,77,76,11,0,0.60, ,0, ,0
219067,99999, ,1993,08,28,77,60,74,69,4,0,0, ,0, ,0
219067,99999, ,1993,08,29,74,58,70,66,1,0,0, ,0, ,0
219067,99999, ,1993,08,30,75,62,72,69,4,0,1.99, ,0, ,0
219067,99999, ,1993,08,31,72,55,72,64,0,1,T,null,0, ,0,73.2,81.8,64.6,93,54,263,1,8.01,0

219067,99999, ,1993,09,1,73,50,70,62,0,3,0, ,0, ,0
219067,99999, ,1993,09,2,78,62,74,70,5,0,0.12, ,0, ,0
219067,99999, ,1993,09,3,69,53,99999,61,0,4,0, ,0, ,0
219067,99999, ,1993,09,4,73,56,69,65,0,0,0, ,0, ,0
219067,99999, ,1993,09,5,69,49,62,59,0,6,0, ,0, ,0
219067,99999, ,1993,09,6,69,52,67,61,0,4,0, ,0, ,0
219067,99999, ,1993,09,7,71,53,62,62,0,3,0.03, ,0, ,0
219067,99999, ,1993,09,8,72,50,68,61,0,4,T,null,0, ,0
219067,99999, ,1993,09,9,70,59,68,65,0,0,0, ,0, ,0
219067,99999, ,1993,09,10,68,46,58,57,0,8,0, ,0, ,0
219067,99999, ,1993,09,11,65,45,58,55,0,10,0.40, ,0, ,0
219067,99999, ,1993,09,12,86,58,78,72,7,0,0, ,0, ,0
219067,99999, ,1993,09,13,78,62,73,70,5,0,1.29, ,0, ,0
219067,99999, ,1993,09,14,62,46,99999,54,0,11,0.31, ,0, ,0
219067,99999, ,1993,09,15,54,45,53,50,0,15,T,null,0, ,0
219067,99999, ,1993,09,16,60,46,99999,53,0,12,0, ,0, ,0
219067,99999, ,1993,09,17,65,59,62,62,0,3,0, ,0, ,0
219067,99999, ,1993,09,18,68,50,65,59,0,6,0, ,0, ,0
219067,99999, ,1993,09,19,54,46,99999,50,0,15,0.22, ,0, ,0
219067,99999, ,1993,09,20,59,50,55,55,0,10,0.22, ,0, ,0
219067,99999, ,1993,09,21,69,55,61,62,0,3,0.17, ,0, ,0
219067,99999, ,1993,09,22,68,58,62,63,0,2,0.14, ,0, ,0
219067,99999, ,1993,09,23,62,41,59,52,0,13,T,null,0, ,0
219067,99999, ,1993,09,24,67,42,59,55,0,10,0, ,0, ,0
219067,99999, ,1993,09,25,59,45,56,52,0,13,0, ,0, ,0
219067,99999, ,1993,09,26,58,43,56,51,0,14,0, ,0, ,0
219067,99999, ,1993,09,27,56,45,51,51,0,14,0.19, ,0, ,0
219067,99999, ,1993,09,28,52,45,51,49,0,16,T,null,0, ,0
219067,99999, ,1993,09,29,51,33,48,42,0,23,0, ,0, ,0
219067,99999, ,1993,09,30,64,35,57,50,0,15,0, ,0, ,0,57.5,65.6,49.3,86,33,17,237,3.09,0

219067,99999, ,1993,10,1,61,45,99999,53,0,12,0, ,0, ,0
219067,99999, ,1993,10,2,50,32,48,41,0,24,0, ,0, ,0
219067,99999, ,1993,10,3,75,46,99999,61,0,4,0, ,0, ,0
219067,99999, ,1993,10,4,62,41,54,52,0,13,0, ,0, ,0
219067,99999, ,1993,10,5,68,35,62,52,0,13,0, ,0, ,0
219067,99999, ,1993,10,6,81,49,72,65,0,0,0.10, ,0, ,0
219067,99999, ,1993,10,7,84,54,77,69,4,0,0, ,0, ,0
219067,99999, ,1993,10,8,55,38,99999,47,0,18,0.20, ,0, ,0
219067,99999, ,1993,10,9,47,31,42,39,0,26,0, ,0, ,0
219067,99999, ,1993,10,10,55,30,50,43,0,22,0, ,0, ,0
219067,99999, ,1993,10,11,61,34,53,48,0,17,0, ,0, ,0
219067,99999, ,1993,10,12,53,36,46,45,0,20,0, ,0, ,0
219067,99999, ,1993,10,13,55,28,49,42,0,23,0, ,0, ,0
219067,99999, ,1993,10,14,70,34,61,52,0,13,0, ,0, ,0
219067,99999, ,1993,10,15,61,43,99999,52,0,13,0.14, ,0, ,0
219067,99999, ,1993,10,16,57,52,57,55,0,10,0.02, ,0, ,0
219067,99999, ,1993,10,17,57,43,51,50,0,15,0, ,0, ,0
219067,99999, ,1993,10,18,60,38,56,49,0,16,0, ,0, ,0
219067,99999, ,1993,10,19,65,39,99999,52,0,13,0, ,0, ,0
219067,99999, ,1993,10,20,54,39,51,47,0,18,0.30, ,0, ,0
219067,99999, ,1993,10,21,51,34,46,43,0,22,0.05, ,0, ,0
219067,99999, ,1993,10,22,64,29,52,47,0,18,0, ,0, ,0
219067,99999, ,1993,10,23,75,39,74,57,0,8,0, ,0, ,0
219067,99999, ,1993,10,24,74,49,73,62,0,3,0, ,0, ,0
219067,99999, ,1993,10,25,73,47,99999,60,0,5,0, ,0, ,0
219067,99999, ,1993,10,26,52,42,46,47,0,18,0, ,0, ,0
219067,99999, ,1993,10,27,46,39,39,43,0,22,0, ,0, ,0
219067,99999, ,1993,10,28,55,36,99999,46,0,19,0, ,0, ,0
219067,99999, ,1993,10,29,36,29,34,33,0,32,0, ,0, ,0
219067,99999, ,1993,10,30,34,26,33,30,0,35,0, ,0, ,0
219067,99999, ,1993,10,31,38,25,38,32,0,33,0, ,0, ,0,48.6,59.0,38.1,84,25,4,505,0.81,0

219067,99999, ,1993,11,1,44,25,44,35,0,30,0, ,0, ,0
219067,99999, ,1993,11,2,46,30,44,38,0,27,0, ,0, ,0
219067,99999, ,1993,11,3,55,38,53,47,0,18,0, ,0, ,0
219067,99999, ,1993,11,4,59,43,59,51,0,14,T,null,0, ,0
219067,99999, ,1993,11,5,43,25,99999,34,0,31,T,null,0, ,0
219067,99999, ,1993,11,6,30,18,25,24,0,41,T,null,0, ,0
219067,99999, ,1993,11,7,42,19,38,31,0,34,0.13, ,0, ,0
219067,99999, ,1993,11,8,38,27,36,33,0,32,T,null,0, ,0
219067,99999, ,1993,11,9,47,19,44,33,0,32,0.95, ,0, ,0
219067,99999, ,1993,11,10,44,33,38,39,0,26,T,null,0, ,0
219067,99999, ,1993,11,11,39,32,37,36,0,29,T,null,0, ,0
219067,99999, ,1993,11,12,42,26,38,34,0,31,0.33, ,0, ,0
219067,99999, ,1993,11,13,51,35,51,43,0,22,T,null,0, ,0
219067,99999, ,1993,11,14,40,35,99999,38,0,27,0, ,0, ,0
219067,99999, ,1993,11,15,41,33,37,37,0,28,0.70, ,0, ,0
219067,99999, ,1993,11,16,37,33,37,35,0,30,0, ,0, ,0
219067,99999, ,1993,11,17,45,28,41,37,0,28,0.25, ,0, ,0
219067,99999, ,1993,11,18,45,23,45,34,0,31,0.20, ,0, ,0
219067,99999, ,1993,11,19,45,27,37,36,0,29,T,null,0, ,0
219067,99999, ,1993,11,20,43,21,99999,32,0,33,0, ,0, ,0
219067,99999, ,1993,11,21,53,39,53,46,0,19,0, ,0, ,0
219067,99999, ,1993,11,22,40,30,99999,35,0,30,T,null,0, ,0
219067,99999, ,1993,11,23,39,28,38,34,0,31,0, ,0, ,0
219067,99999, ,1993,11,24,38,31,34,35,0,30,T,null,0, ,0
219067,99999, ,1993,11,25,34,32,34,33,0,32,0.40, ,0, ,0
219067,99999, ,1993,11,26,34,11,19,23,0,42,999.99,null,3.5, ,99999
219067,99999, ,1993,11,27,23,15,20,19,0,46,999.99,null,T,null,99999
219067,99999, ,1993,11,28,24,17,21,21,0,44,999.99,null,T,null,99999
219067,99999, ,1993,11,29,28,10,24,19,0,46,T,null,T,null,99999
219067,99999, ,1993,11,30,28,10,24,19,0,46,0, ,0, ,99999,33.5,40.6,26.4,59,10,0,939,2.96,3.5

219067,99999, ,1993,12,1,40,27,36,34,0,31,0.15, ,0, , 
219067,99999, ,1993,12,2,39,33,34,36,0,29,T,null,0, , 
219067,99999, ,1993,12,3,35,27,33,31,0,34,T,null,0, , 
219067,99999, ,1993,12,4,33,29,32,31,0,34,T,null,0, , 
219067,99999, ,1993,12,5,37,30,35,34,0,31,0, ,0, , 
219067,99999, ,1993,12,6,35,18,29,27,0,38,0, ,0, , 
219067,99999, ,1993,12,7,35,20,30,28,0,37,0, ,0, , 
219067,99999, ,1993,12,8,34,27,29,31,0,34,T,null,T,null, 
219067,99999, ,1993,12,9,46,27,99999,37,0,28,0.10, ,0, , 
219067,99999, ,1993,12,10,38,17,32,28,0,37,0, ,0, , 
219067,99999, ,1993,12,11,33,15,30,24,0,41,0, ,0, , 
219067,99999, ,1993,12,12,47,22,46,35,0,30,0, ,0, , 
219067,99999, ,1993,12,13,44,36,99999,40,0,25,0.17, ,0, , 
219067,99999, ,1993,12,14,43,35,99999,39,0,26,T,null,0, , 
219067,99999, ,1993,12,15,50,31,45,41,0,24,T,null,0, , 
219067,99999, ,1993,12,16,45,28,34,37,0,28,T,null,0, , 
219067,99999, ,1993,12,17,36,32,34,34,0,31,0.25, ,0, , 
219067,99999, ,1993,12,18,38,33,36,36,0,29,T,null,T,null, 
219067,99999, ,1993,12,19,36,30,35,33,0,32,T,null,0, , 
219067,99999, ,1993,12,20,35,19,28,27,0,38,T,null,T,null, 
219067,99999, ,1993,12,21,28,15,22,22,0,43,999.99,null,1.0, , 
219067,99999, ,1993,12,22,23,15,22,19,0,46,999.99,null,0.5, , 
219067,99999, ,1993,12,23,22,2,15,12,0,53,0, ,0, , 
219067,99999, ,1993,12,24,15,0,11,8,0,57,0, ,0, , 
219067,99999, ,1993,12,25,11,-1,3,5,0,60,0, ,0, , 
219067,99999, ,1993,12,26,5,-3,5,1,0,64,0, ,0, , 
219067,99999, ,1993,12,27,5,-2,2,2,0,63,T,null,T,null, 
219067,99999, ,1993,12,28,13,-8,6,3,0,62,0, ,0, , 
219067,99999, ,1993,12,29,23,2,9,13,0,52,0, ,0, , 
219067,99999, ,1993,12,30,29,-1,99999,14,0,51,999.99,null,2.0, , 
219067,99999, ,1993,12,31,38,29,31,34,0,31,T,null,0, , ,25.4,32.0,18.8,50,-8,0,1219,0.67,3.5

219067,99999, ,1994,01,1,32,15,30,24,0,41,0, ,0, , 
219067,99999, ,1994,01,2,18,11,99999,15,0,50,999.99,null,0.2, , 
219067,99999, ,1994,01,3,31,11,16,21,0,44,T,null,T,null, 
219067,99999, ,1994,01,4,20,9,19,15,0,50,999.99,null,0.3, , 
219067,99999, ,1994,01,5,9,2,99999,6,0,59,999.99,null,6.0, , 
219067,99999, ,1994,01,6,22,8,20,15,0,50,999.99,null,2.0, , 
219067,99999, ,1994,01,7,10,-13,99999,-1,0,66,T,null,T,null, 
219067,99999, ,1994,01,8,9,-14,7,-2,0,67,0, ,0, , 
219067,99999, ,1994,01,9,14,-20,99999,-3,0,68,0, ,0, , 
219067,99999, ,1994,01,10,32,10,28,21,0,44,T,null,T,null, 
219067,99999, ,1994,01,11,26,3,99999,15,0,50,0, ,0, , 
219067,99999, ,1994,01,12,28,8,25,18,0,47,0, ,0, , 
219067,99999, ,1994,01,13,8,-8,99999,0,0,65,T,null,T,null, 
219067,99999, ,1994,01,14,-7,-19,99999,-13,0,78,T,null,T,null, 
219067,99999, ,1994,01,15,-14,-24,-14,-19,0,84,0, ,0, , 
219067,99999, ,1994,01,16,3,-17,2,-7,0,72,999.99,null,6.0, , 
219067,99999, ,1994,01,17,-8,-26,99999,-17,0,82,0, ,0, , 
219067,99999, ,1994,01,18,-16,-26,99999,-21,0,86,0, ,0, , 
219067,99999, ,1994,01,19,-7,-28,99999,-17,0,82,0, ,0, , 
219067,99999, ,1994,01,20,5,-27,-5,-11,0,76,0, ,0, , 
219067,99999, ,1994,01,21,28,2,21,15,0,50,0, ,0, , 
219067,99999, ,1994,01,22,28,9,24,19,0,46,0, ,0, , 
219067,99999, ,1994,01,23,40,19,35,30,0,35,0, ,0, , 
219067,99999, ,1994,01,24,29,13,99999,21,0,44,0, ,0, , 
219067,99999, ,1994,01,25,22,13,99999,18,0,47,999.99,null,0.2, , 
219067,99999, ,1994,01,26,20,13,16,17,0,48,999.99,null,0.2, , 
219067,99999, ,1994,01,27,23,14,20,19,0,46,999.99,null,3.5, , 
219067,99999, ,1994,01,28,25,18,24,22,0,43,999.99,null,1.5, , 
219067,99999, ,1994,01,29,24,0,22,12,0,53,999.99,null,1.5, , 
219067,99999, ,1994,01,30,22,-14,15,4,0,61,0, ,0, , 
219067,99999, ,1994,01,31,3,-21,-8,-9,0,74,0, ,0, , ,6.5,15.5,-2.5,40,-28,0,1808, ,21.4

219067,99999, ,1994,02,1,14,-11,7,2,0,63,0, ,0, , 
219067,99999, ,1994,02,2,14,-11,10,2,0,63,T,null,T,null, 
219067,99999, ,1994,02,3,10,-3,7,4,0,61,T,null,T,null, 
219067,99999, ,1994,02,4,12,-3,9,5,0,60,T,null,T,null, 
219067,99999, ,1994,02,5,15,1,13,8,0,57,0, ,0, , 
219067,99999, ,1994,02,6,16,-6,16,5,0,60,0, ,0, , 
219067,99999, ,1994,02,7,-5,-13,99999,-9,0,74,999.99,null,0.5, , 
219067,99999, ,1994,02,8,4,-8,2,-2,0,67,999.99,null,2.0, , 
219067,99999, ,1994,02,9,8,-11,1,-1,0,66,0, ,0, , 
219067,99999, ,1994,02,10,17,-12,12,3,0,62,T,null,T,null, 
219067,99999, ,1994,02,11,25,12,21,19,0,46,T,null,T,null, 
219067,99999, ,1994,02,12,27,16,21,22,0,43,999.99,null,3.5, , 
219067,99999, ,1994,02,13,27,4,20,16,0,49,0, ,0, , 
219067,99999, ,1994,02,14,40,6,36,23,0,42,0, ,0, , 
219067,99999, ,1994,02,15,36,14,28,25,0,40,0, ,0, , 
219067,99999, ,1994,02,16,45,11,39,28,0,37,0, ,0, , 
219067,99999, ,1994,02,17,47,21,38,34,0,31,0, ,0, , 
219067,99999, ,1994,02,18,55,28,53,42,0,23,0, ,0, , 
219067,99999, ,1994,02,19,53,34,45,44,0,21,0, ,0, , 
219067,99999, ,1994,02,20,34,21,99999,28,0,37,0, ,0, , 
219067,99999, ,1994,02,21,34,18,27,26,0,39,0, ,0, , 
219067,99999, ,1994,02,22,27,10,20,19,0,46,999.99,null,1.0, , 
219067,99999, ,1994,02,23,20,10,18,15,0,50,999.99,null,7.0, , 
219067,99999, ,1994,02,24,20,8,20,14,0,51,0, ,0, , 
219067,99999, ,1994,02,25,20,8,20,14,0,51,0, ,0, , 
219067,99999, ,1994,02,26,21,-5,18,8,0,57,999.99,null,2.5, , 
219067,99999, ,1994,02,27,22,-6,17,8,0,57,0, ,0, , 
219067,99999, ,1994,02,28,29,13,27,21,0,44,0, ,0, , ,14.9,24.5,5.2,55,-13,0,1397,0,16.5

219067,99999, ,1994,03,1, , ,99999, , , , , , , , 
219067,99999, ,1994,03,2, , ,33, , , , , , , , 
219067,99999, ,1994,03,3, , ,43, , , , , , , , 
219067,99999, ,1994,03,4, , ,41, , , , , , , , 
219067,99999, ,1994,03,5, , ,40, , , , , , , , 
219067,99999, ,1994,03,6, , ,35, , , , , , , , 
219067,99999, ,1994,03,7, , ,42, , , , , , , , 
219067,99999, ,1994,03,8, , ,28, , , , , , , , 
219067,99999, ,1994,03,9, , ,37, , , , , , , , 
219067,99999, ,1994,03,10, , ,34, , , , , , , , 
219067,99999, ,1994,03,11, , ,24, , , , , , , , 
219067,99999, ,1994,03,12, , ,29, , , , , , , , 
219067,99999, ,1994,03,13, , ,29, , , , , , , , 
219067,99999, ,1994,03,14, , ,37, , , , , , , , 
219067,99999, ,1994,03,15, , ,32, , , , , , , , 
219067,99999, ,1994,03,16, , ,32, , , , , , , , 
219067,99999, ,1994,03,17, , ,12, , , , , , , , 
219067,99999, ,1994,03,18, , ,99999, , , , , , , , 
219067,99999, ,1994,03,19, , ,32, , , , , , , , 
219067,99999, ,1994,03,20, , ,37, , , , , , , , 
219067,99999, ,1994,03,21, , ,34, , , , , , , , 
219067,99999, ,1994,03,22, , ,33, , , , , , , , 
219067,99999, ,1994,03,23, , ,38, , , , , , , , 
219067,99999, ,1994,03,24, , ,38, , , , , , , , 
219067,99999, ,1994,03,25, , ,46, , , , , , , , 
219067,99999, ,1994,03,26, , ,48, , , , , , , , 
219067,99999, ,1994,03,27, , ,43, , , , , , , , 
219067,99999, ,1994,03,28, , ,38, , , , , , , , 
219067,99999, ,1994,03,29, , ,39, , , , , , , , 
219067,99999, ,1994,03,30, , ,49, , , , , , , , 
219067,99999, ,1994,03,31, , ,36, , , , , , , , , , , , , , , , , 

219067,99999, ,1994,04,1,62,32,53,47,0,18,0, ,0, , 
219067,99999, ,1994,04,2,51,31,99999,41,0,24,0, ,0, , 
219067,99999, ,1994,04,3,59,29,99999,44,0,21,0, ,0, , 
219067,99999, ,1994,04,4,43,26,43,35,0,30,999.99,null,0.5, , 
219067,99999, ,1994,04,5,43,23,30,33,0,32,0, ,0, , 
219067,99999, ,1994,04,6,42,20,35,31,0,34,0, ,0, , 
219067,99999, ,1994,04,7,52,26,46,39,0,26,0, ,0, , 
219067,99999, ,1994,04,8,52,39,38,46,0,19,0.60, ,0, , 
219067,99999, ,1994,04,9,53,40,99999,47,0,18,0, ,0, , 
219067,99999, ,1994,04,10,61,33,60,47,0,18,0, ,0, , 
219067,99999, ,1994,04,11,60,32,51,46,0,19,0, ,0, , 
219067,99999, ,1994,04,12,51,41,42,46,0,19,0.90, ,0, , 
219067,99999, ,1994,04,13,56,40,45,48,0,17,0.10, ,0, , 
219067,99999, ,1994,04,14,70,38,62,54,0,11,T,null,0, , 
219067,99999, ,1994,04,15,62,44,44,53,0,12,0.90, ,0, , 
219067,99999, ,1994,04,16,62,43,60,53,0,12,0, ,0, , 
219067,99999, ,1994,04,17,68,40,61,54,0,11,0, ,0, , 
219067,99999, ,1994,04,18,88,45,76,67,2,0,0, ,0, , 
219067,99999, ,1994,04,19,65,46,99999,56,0,9,0, ,0, , 
219067,99999, ,1994,04,20,59,35,49,47,0,18,0, ,0, , 
219067,99999, ,1994,04,21,65,35,57,50,0,15,0, ,0, , 
219067,99999, ,1994,04,22,68,34,61,51,0,14,0, ,0, , 
219067,99999, ,1994,04,23,76,49,72,63,0,2,0, ,0, , 
219067,99999, ,1994,04,24,85,49,80,67,2,0,T,null,0, , 
219067,99999, ,1994,04,25,85,49,63,67,2,0,3.00, ,0, , 
219067,99999, ,1994,04,26,78,56,74,67,2,0,1.20, ,0, , 
219067,99999, ,1994,04,27,56,37,99999,47,0,18,T,null,0, , 
219067,99999, ,1994,04,28,42,33,34,38,0,27,0.42, ,0, , 
219067,99999, ,1994,04,29,46,34,38,40,0,25,0.11, ,0, , 
219067,99999, ,1994,04,30,47,38,44,43,0,22,0, ,0, , ,48.7,60.2,37.2,88,20,8,491,7.23,0.5

219067,99999, ,1994,05,1,46,34,38,40,0,25,0.11, ,0, ,0
219067,99999, ,1994,05,2,63,31,57,47,0,18,0, ,0, ,0
219067,99999, ,1994,05,3,65,41,60,53,0,12,0, ,0, ,0
219067,99999, ,1994,05,4,64,52,55,58,0,7,0.01, ,0, ,0
219067,99999, ,1994,05,5,58,41,47,50,0,15,0, ,0, ,0
219067,99999, ,1994,05,6,61,37,52,49,0,16,0, ,0, ,0
219067,99999, ,1994,05,7,66,45,62,56,0,9,0, ,0, ,0
219067,99999, ,1994,05,8,69,44,65,57,0,8,0, ,0, ,0
219067,99999, ,1994,05,9,70,46,66,58,0,7,0, ,0, ,0
219067,99999, ,1994,05,10,77,40,60,59,0,6,0, ,0, ,0
219067,99999, ,1994,05,11,75,60,71,68,3,0,0.39, ,0, ,0
219067,99999, ,1994,05,12,71,45,65,58,0,7,0, ,0, ,0
219067,99999, ,1994,05,13,78,46,69,62,0,3,0, ,0, ,0
219067,99999, ,1994,05,14,77,58,68,68,3,0,0, ,0, ,0
219067,99999, ,1994,05,15,71,58,65,65,0,0,0.25, ,0, ,0
219067,99999, ,1994,05,16,70,47,61,59,0,6,0, ,0, ,0
219067,99999, ,1994,05,17,73,48,62,61,0,4,0, ,0, ,0
219067,99999, ,1994,05,18,78,49,71,64,0,1,0, ,0, ,0
219067,99999, ,1994,05,19,84,49,75,67,2,0,0, ,0, ,0
219067,99999, ,1994,05,20,85,52,80,69,4,0,0, ,0, ,0
219067,99999, ,1994,05,21,86,54,83,70,5,0,0, ,0, ,0
219067,99999, ,1994,05,22,88,54,84,71,6,0,0, ,0, ,0
219067,99999, ,1994,05,23,84,55,77,70,5,0,0.60, ,0, ,0
219067,99999, ,1994,05,24,78,59,73,69,4,0,0, ,0, ,0
219067,99999, ,1994,05,25,71,55,99999,63,0,2,0.25, ,0, ,0
219067,99999, ,1994,05,26,68,45,59,57,0,8,0, ,0, ,0
219067,99999, ,1994,05,27,72,40,65,56,0,9,0, ,0, ,0
219067,99999, ,1994,05,28,83,55,76,69,4,0,0, ,0, ,0
219067,99999, ,1994,05,29,83,64,79,74,9,0,0, ,0, ,0
219067,99999, ,1994,05,30,87,65,83,76,11,0,0.30, ,0, ,0
219067,99999, ,1994,05,31,85,60,75,73,8,0,0.15, ,0, ,0,61.5,73.7,49.3,88,31,64,163,2.06,0

219067,99999, ,1994,06,1,76,54,69,65,0,0,0, ,0, ,0
219067,99999, ,1994,06,2,73,51,64,62,0,3,0, ,0, ,0
219067,99999, ,1994,06,3,78,49,70,64,0,1,0, ,0, ,0
219067,99999, ,1994,06,4,83,51,80,67,2,0,0, ,0, ,0
219067,99999, ,1994,06,5,83,63,80,73,8,0,0.35, ,0, ,0
219067,99999, ,1994,06,6,87,63,79,75,10,0,0, ,0, ,0
219067,99999, ,1994,06,7,79,61,63,70,5,0,0.50, ,0, ,0
219067,99999, ,1994,06,8,72,46,67,59,0,6,T,null,0, ,0
219067,99999, ,1994,06,9,76,45,68,61,0,4,0, ,0, ,0
219067,99999, ,1994,06,10,83,58,78,71,6,0,0.06, ,0, ,0
219067,99999, ,1994,06,11,80,56,80,68,3,0,0, ,0, ,0
219067,99999, ,1994,06,12,86,57,85,72,7,0,0, ,0, ,0
219067,99999, ,1994,06,13,83,67,99999,75,10,0,0.45, ,0, ,0
219067,99999, ,1994,06,14,94,70,87,82,17,0,0, ,0, ,0
219067,99999, ,1994,06,15,94,79,85,87,22,0,0, ,0, ,0
219067,99999, ,1994,06,16,91,76,85,84,19,0,0, ,0, ,0
219067,99999, ,1994,06,17,92,76,88,84,19,0,T,null,0, ,0
219067,99999, ,1994,06,18,94,73,93,84,19,0,0.03, ,0, ,0
219067,99999, ,1994,06,19,93,70,87,82,17,0,0.03, ,0, ,0
219067,99999, ,1994,06,20,94,70,80,82,17,0,T,null,0, ,0
219067,99999, ,1994,06,21,86,69,81,78,13,0,0, ,0, ,0
219067,99999, ,1994,06,22,85,60,82,73,8,0,0, ,0, ,0
219067,99999, ,1994,06,23,78,64,99999,71,6,0,0.55, ,0, ,0
219067,99999, ,1994,06,24,83,62,75,73,8,0,0, ,0, ,0
219067,99999, ,1994,06,25,85,61,83,73,8,0,T,null,0, ,0
219067,99999, ,1994,06,26,83,61,75,72,7,0,0.30, ,0, ,0
219067,99999, ,1994,06,27,80,59,74,70,5,0,0, ,0, ,0
219067,99999, ,1994,06,28,78,66,69,72,7,0,T,null,0, ,0
219067,99999, ,1994,06,29,77,66,76,72,7,0,0.25, ,0, ,0
219067,99999, ,1994,06,30,82,61,77,72,7,0,T,null,0, ,0,72.9,83.6,62.1,94,45,257,14,2.52,0

219067,99999, ,1994,07,1,77,60,69,69,4,0,0, ,0, ,0
219067,99999, ,1994,07,2,85,68,81,77,12,0,2.70, ,0, ,0
219067,99999, ,1994,07,3,79,64,99999,72,7,0,1.36, ,0, ,0
219067,99999, ,1994,07,4,82,72,80,77,12,0,0.02, ,0, ,0
219067,99999, ,1994,07,5,90,69,73,80,15,0,0.10, ,0, ,0
219067,99999, ,1994,07,6,84,68,80,76,11,0,T,null,0, ,0
219067,99999, ,1994,07,7,80,60,77,70,5,0,0.15, ,0, ,0
219067,99999, ,1994,07,8,77,57,73,67,2,0,0.10, ,0, ,0
219067,99999, ,1994,07,9,73,62,99999,68,3,0,0, ,0, ,0
219067,99999, ,1994,07,10,86,68,84,77,12,0,0.30, ,0, ,0
219067,99999, ,1994,07,11,87,64,73,76,11,0,0.30, ,0, ,0
219067,99999, ,1994,07,12,78,65,99999,72,7,0,0, ,0, ,0
219067,99999, ,1994,07,13,67,62,66,65,0,0,0.51, ,0, ,0
219067,99999, ,1994,07,14,69,60,69,65,0,0,0, ,0, ,0
219067,99999, ,1994,07,15,84,62,79,73,8,0,0, ,0, ,0
219067,99999, ,1994,07,16,82,62,77,72,7,0,0, ,0, ,0
219067,99999, ,1994,07,17,76,71,99999,74,9,0,0.14, ,0, ,0
219067,99999, ,1994,07,18,81,72,77,77,12,0,0, ,0, ,0
219067,99999, ,1994,07,19,80,63,75,72,7,0,0, ,0, ,0
219067,99999, ,1994,07,20,80,63,75,72,7,0,0, ,0, ,0
219067,99999, ,1994,07,21,80,63,76,72,7,0,0, ,0, ,0
219067,99999, ,1994,07,22,77,60,75,69,4,0,0, ,0, ,0
219067,99999, ,1994,07,23,83,66,70,75,10,0,T,null,0, ,0
219067,99999, ,1994,07,24,85,69,99999,77,12,0,T,null,0, ,0
219067,99999, ,1994,07,25,76,66,99999,71,6,0,0.10, ,0, ,0
219067,99999, ,1994,07,26,72,68,99999,70,5,0,0, ,0, ,0
219067,99999, ,1994,07,27,78,69,99999,74,9,0,0.43, ,0, ,0
219067,99999, ,1994,07,28,79,67,75,73,8,0,0, ,0, ,0
219067,99999, ,1994,07,29,80,68,75,74,9,0,0, ,0, ,0
219067,99999, ,1994,07,30,82,65,81,74,9,0,0, ,0, ,0
219067,99999, ,1994,07,31,80,73,80,77,12,0,0.13, ,0, ,0,72.5,79.6,65.4,90,57,242,0,6.34,0

219067,99999, ,1994,08,1,86,67,83,77,12,0,0, ,0, ,0
219067,99999, ,1994,08,2,86,63,77,75,10,0,0, ,0, ,0
219067,99999, ,1994,08,3,85,68,80,77,12,0,0.10, ,0, ,0
219067,99999, ,1994,08,4,73,62,99999,68,3,0,T,null,0, ,0
219067,99999, ,1994,08,5,73,48,66,61,0,4,0, ,0, ,0
219067,99999, ,1994,08,6,73,56,71,65,0,0,0, ,0, ,0
219067,99999, ,1994,08,7,80,55,75,68,3,0,0, ,0, ,0
219067,99999, ,1994,08,8,81,56,63,69,4,0,0, ,0, ,0
219067,99999, ,1994,08,9,64,52,61,58,0,7,T,null,0, ,0
219067,99999, ,1994,08,10,60,56,99999,58,0,7,3.00, ,0, ,0
219067,99999, ,1994,08,11,71,56,99999,64,0,1,T,null,0, ,0
219067,99999, ,1994,08,12,76,63,72,70,5,0,T,null,0, ,0
219067,99999, ,1994,08,13,80,59,77,70,5,0,0, ,0, ,0
219067,99999, ,1994,08,14,73,52,99999,63,0,2,0, ,0, ,0
219067,99999, ,1994,08,15,78,52,74,65,0,0,0, ,0, ,0
219067,99999, ,1994,08,16,83,56,76,70,5,0,0, ,0, ,0
219067,99999, ,1994,08,17,81,63,78,72,7,0,0, ,0, ,0
219067,99999, ,1994,08,18,81,65,71,73,8,0,0.25, ,0, ,0
219067,99999, ,1994,08,19,82,63,74,73,8,0,0.05, ,0, ,0
219067,99999, ,1994,08,20,72,63,99999,68,3,0,0, ,0, ,0
219067,99999, ,1994,08,21,79,54,78,67,2,0,0, ,0, ,0
219067,99999, ,1994,08,22,79,55,75,67,2,0,0, ,0, ,0
219067,99999, ,1994,08,23,82,63,78,73,8,0,0, ,0, ,0
219067,99999, ,1994,08,24,90,67,84,79,14,0,0, ,0, ,0
219067,99999, ,1994,08,25,91,66,87,79,14,0,T,null,0, ,0
219067,99999, ,1994,08,26,82,64,99999,73,8,0,0.20, ,0, ,0
219067,99999, ,1994,08,27,87,68,75,78,13,0,0, ,0, ,0
219067,99999, ,1994,08,28,85,59,78,72,7,0,0.05, ,0, ,0
219067,99999, ,1994,08,29,82,64,78,73,8,0,0, ,0, ,0
219067,99999, ,1994,08,30,68,60,99999,64,0,1,0.40, ,0, ,0
219067,99999, ,1994,08,31,69,56,62,63,0,2,T,null,0, ,0,69.1,78.5,59.7,91,48,161,24,4.05,0

219067,99999, ,1994,09,1,70,48,66,59,0,6,0, ,0, ,0
219067,99999, ,1994,09,2,66,55,61,61,0,4,0.10, ,0, ,0
219067,99999, ,1994,09,3,71,54,64,63,0,2,0.20, ,0, ,0
219067,99999, ,1994,09,4,71,54,64,63,0,2,0.35, ,0, ,0
219067,99999, ,1994,09,5,78,55,67,67,2,0,T,null,0, ,0
219067,99999, ,1994,09,6,78,53,70,66,1,0,0, ,0, ,0
219067,99999, ,1994,09,7,81,50,75,66,1,0,0, ,0, ,0
219067,99999, ,1994,09,8,83,60,77,72,7,0,0, ,0, ,0
219067,99999, ,1994,09,9,83,60,75,72,7,0,0, ,0, ,0
219067,99999, ,1994,09,10,87,62,87,75,10,0,0, ,0, ,0
219067,99999, ,1994,09,11,87,63,83,75,10,0,0, ,0, ,0
219067,99999, ,1994,09,12,83,68,71,76,11,0,T,null,0, ,0
219067,99999, ,1994,09,13,91,70,84,81,16,0,0.75, ,0, ,0
219067,99999, ,1994,09,14,86,68,81,77,12,0,0.60, ,0, ,0
219067,99999, ,1994,09,15,87,68,83,78,13,0,0.30, ,0, ,0
219067,99999, ,1994,09,16,72,61,99999,67,2,0,T,null,0, ,0
219067,99999, ,1994,09,17,76,58,71,67,2,0,0, ,0, ,0
219067,99999, ,1994,09,18,81,54,77,68,3,0,0, ,0, ,0
219067,99999, ,1994,09,19,84,55,74,70,5,0,0, ,0, ,0
219067,99999, ,1994,09,20,78,59,72,69,4,0,T,null,0, ,0
219067,99999, ,1994,09,21,82,60,77,71,6,0,0.35, ,0, ,0
219067,99999, ,1994,09,22,71,61,99999,66,1,0,1.10, ,0, ,0
219067,99999, ,1994,09,23,69,56,65,63,0,2,0.25, ,0, ,0
219067,99999, ,1994,09,24,74,60,70,67,2,0,0.05, ,0, ,0
219067,99999, ,1994,09,25,72,53,69,63,0,2,0.60, ,0, ,0
219067,99999, ,1994,09,26,69,45,48,57,0,8,0.20, ,0, ,0
219067,99999, ,1994,09,27,58,48,51,53,0,12,T,null,0, ,0
219067,99999, ,1994,09,28,64,48,58,56,0,9,0, ,0, ,0
219067,99999, ,1994,09,29,69,44,57,57,0,8,0, ,0, ,0
219067,99999, ,1994,09,30,67,50,59,59,0,6,T,null,0, ,0,66.5,76.3,56.7,91,44,115,61,4.85,0


