COOPID,WBANID,Prelim,year,month,day,Tmax,Tmin,Tobs,Tmean,Cdd,Hdd,Prcp,Flag,Snow,Flag,Snwd,meanTmean,meanTmax,meanTmin,highTmax,lowTmin,sumCdd,sumHdd,sumprcp,sumsnow
215488,99999, ,1990,10,1, , , , , , ,0, ,0, ,0
215488,99999, ,1990,10,2, , , , , , ,0, ,0, ,0
215488,99999, ,1990,10,3, , , , , , ,0.12, ,0, ,0
215488,99999, ,1990,10,4, , , , , , ,0.70, ,0, ,0
215488,99999, ,1990,10,5, , , , , , ,0, ,0, ,0
215488,99999, ,1990,10,6, , , , , , ,0, ,0, ,0
215488,99999, ,1990,10,7, , , , , , ,0, ,0, ,0
215488,99999, ,1990,10,8, , , , , , ,0, ,0, ,0
215488,99999, ,1990,10,9, , , , , , ,0.08, ,0, ,0
215488,99999, ,1990,10,10, , , , , , ,0, ,0, ,0
215488,99999, ,1990,10,11, , , , , , ,0, ,0, ,0
215488,99999, ,1990,10,12, , , , , , ,0, ,0, ,0
215488,99999, ,1990,10,13, , , , , , ,0, ,0, ,0
215488,99999, ,1990,10,14, , , , , , ,0.05, ,0, ,0
215488,99999, ,1990,10,15, , , , , , ,0.04, ,0, ,0
215488,99999, ,1990,10,16, , , , , , ,0, ,0, ,0
215488,99999, ,1990,10,17, , , , , , ,0, ,0, ,0
215488,99999, ,1990,10,18, , , , , , ,0.52, ,0, ,0
215488,99999, ,1990,10,19, , , , , , ,0, ,0, ,0
215488,99999, ,1990,10,20, , , , , , ,0, ,0, ,0
215488,99999, ,1990,10,21, , , , , , ,0.37, ,0, ,0
215488,99999, ,1990,10,22, , , , , , ,0, ,0, ,0
215488,99999, ,1990,10,23, , , , , , ,0.02, ,0, ,0
215488,99999, ,1990,10,24, , , , , , ,0, ,0, ,0
215488,99999, ,1990,10,25, , , , , , ,0, ,0, ,0
215488,99999, ,1990,10,26, , , , , , ,0, ,0, ,0
215488,99999, ,1990,10,27, , , , , , ,0, ,0, ,0
215488,99999, ,1990,10,28, , , , , , ,0, ,0, ,0
215488,99999, ,1990,10,29, , , , , , ,0, ,0, ,0
215488,99999, ,1990,10,30, , , , , , ,0, ,0, ,0
215488,99999, ,1990,10,31, , , , , , ,0, ,0, ,0, , , , , , , ,1.90,0

215488,99999, ,1990,11,1, , , , , , ,0, ,0, ,0
215488,99999, ,1990,11,2, , , , , , ,0, ,0, ,0
215488,99999, ,1990,11,3, , , , , , ,0, ,0, ,0
215488,99999, ,1990,11,4, , , , , , ,0.23, ,0, ,0
215488,99999, ,1990,11,5, , , , , , ,0, ,0, ,0
215488,99999, ,1990,11,6, , , , , , ,0, ,0, ,0
215488,99999, ,1990,11,7, , , , , , ,0.02, ,0, ,0
215488,99999, ,1990,11,8, , , , , , ,0, ,0, ,0
215488,99999, ,1990,11,9, , , , , , ,0, ,0, ,0
215488,99999, ,1990,11,10, , , , , , ,0, ,0, ,0
215488,99999, ,1990,11,11, , , , , , ,0, ,0, ,0
215488,99999, ,1990,11,12, , , , , , ,0, ,0, ,0
215488,99999, ,1990,11,13, , , , , , ,0, ,0, ,0
215488,99999, ,1990,11,14, , , , , , ,0, ,0, ,0
215488,99999, ,1990,11,15, , , , , , ,0, ,0, ,0
215488,99999, ,1990,11,16, , , , , , ,0, ,0, ,0
215488,99999, ,1990,11,17, , , , , , ,0, ,0, ,0
215488,99999, ,1990,11,18, , , , , , ,0, ,0, ,0
215488,99999, ,1990,11,19, , , , , , ,0, ,0, ,0
215488,99999, ,1990,11,20, , , , , , ,0, ,0, ,0
215488,99999, ,1990,11,21, , , , , , ,0.01, ,0, ,0
215488,99999, ,1990,11,22, , , , , , ,0.05, ,0, ,0
215488,99999, ,1990,11,23, , , , , , ,0, ,0, ,0
215488,99999, ,1990,11,24, , , , , , ,0, ,0, ,0
215488,99999, ,1990,11,25, , , , , , ,0, ,0, ,0
215488,99999, ,1990,11,26, , , , , , ,0, ,0, ,0
215488,99999, ,1990,11,27, , , , , , ,0.02, ,0, ,0
215488,99999, ,1990,11,28, , , , , , ,0.07, ,0, ,0
215488,99999, ,1990,11,29, , , , , , ,0, ,0, ,0
215488,99999, ,1990,11,30, , , , , , ,0, ,0, ,0, , , , , , , ,0.40,0

215488,99999, ,1990,12,1, , , , , , ,0, ,0, ,0
215488,99999, ,1990,12,2, , , , , , ,0, ,0, ,0
215488,99999, ,1990,12,3, , , , , , ,0.26, ,5.0, ,5
215488,99999, ,1990,12,4, , , , , , ,0.25, ,9.0, ,9
215488,99999, ,1990,12,5, , , , , , ,0, ,0, ,9
215488,99999, ,1990,12,6, , , , , , ,0, ,0, ,99999
215488,99999, ,1990,12,7, , , , , , ,0, ,0, ,99999
215488,99999, ,1990,12,8, , , , , , ,0, ,0, ,99999
215488,99999, ,1990,12,9, , , , , , ,0, ,0, ,99999
215488,99999, ,1990,12,10, , , , , , ,0, ,0, ,99999
215488,99999, ,1990,12,11, , , , , , ,0, ,0, ,99999
215488,99999, ,1990,12,12, , , , , , ,0, ,0, ,99999
215488,99999, ,1990,12,13, , , , , , ,0, ,0, ,99999
215488,99999, ,1990,12,14, , , , , , ,0, ,0, ,99999
215488,99999, ,1990,12,15, , , , , , ,0.55, ,4.0, ,99999
215488,99999, ,1990,12,16, , , , , , ,0.10, ,2.0, ,99999
215488,99999, ,1990,12,17, , , , , , ,0.14, ,2.0, ,99999
215488,99999, ,1990,12,18, , , , , , ,0.55, ,0, ,99999
215488,99999, ,1990,12,19, , , , , , ,0.04, ,0, ,99999
215488,99999, ,1990,12,20, , , , , , ,0.03, ,T,null,99999
215488,99999, ,1990,12,21, , , , , , ,0.04, ,T,null,99999
215488,99999, ,1990,12,22, , , , , , ,0.02, ,1.0, ,99999
215488,99999, ,1990,12,23, , , , , , ,0, ,0, ,99999
215488,99999, ,1990,12,24, , , , , , ,0, ,0, ,99999
215488,99999, ,1990,12,25, , , , , , ,T,null,T,null,99999
215488,99999, ,1990,12,26, , , , , , ,0, ,0, ,99999
215488,99999, ,1990,12,27, , , , , , ,T,null,T,null,99999
215488,99999, ,1990,12,28, , , , , , ,0, ,0, ,99999
215488,99999, ,1990,12,29, , , , , , ,0.04, ,1.0, ,99999
215488,99999, ,1990,12,30, , , , , , ,0.02, ,T,null,99999
215488,99999, ,1990,12,31, , , , , , ,0, ,0, ,99999, , , , , , , ,2.04,24.0

215488,99999, ,1991,01,1, , , , , , ,0, ,0, ,12
215488,99999, ,1991,01,2, , , , , , ,0, ,0, ,12
215488,99999, ,1991,01,3, , , , , , ,0, ,0, ,12
215488,99999, ,1991,01,4, , , , , , ,0, ,0, ,12
215488,99999, ,1991,01,5, , , , , , ,0.17, ,1.0, ,13
215488,99999, ,1991,01,6, , , , , , ,0.12, ,1.0, ,14
215488,99999, ,1991,01,7, , , , , , ,0, ,0, ,14
215488,99999, ,1991,01,8, , , , , , ,T,null,T,null,14
215488,99999, ,1991,01,9, , , , , , ,0, ,0, ,14
215488,99999, ,1991,01,10, , , , , , ,0.11, ,3.0, ,17
215488,99999, ,1991,01,11, , , , , , ,0, ,0, ,17
215488,99999, ,1991,01,12, , , , , , ,0, ,0, ,17
215488,99999, ,1991,01,13, , , , , , ,0, ,0, ,17
215488,99999, ,1991,01,14, , , , , , ,T,null,T,null,17
215488,99999, ,1991,01,15, , , , , , ,0, ,0, ,17
215488,99999, ,1991,01,16, , , , , , ,0, ,0, ,17
215488,99999, ,1991,01,17, , , , , , ,0, ,0, ,15
215488,99999, ,1991,01,18, , , , , , ,0, ,0, ,15
215488,99999, ,1991,01,19, , , , , , ,0, ,0, ,15
215488,99999, ,1991,01,20, , , , , , ,0, ,0, ,13
215488,99999, ,1991,01,21, , , , , , ,0, ,0, ,13
215488,99999, ,1991,01,22, , , , , , ,0, ,0, ,13
215488,99999, ,1991,01,23, , , , , , ,0.03, ,T,null,99999
215488,99999, ,1991,01,24, , , , , , ,0, ,0, ,99999
215488,99999, ,1991,01,25, , , , , , ,0, ,0, ,99999
215488,99999, ,1991,01,26, , , , , , ,0, ,0, ,99999
215488,99999, ,1991,01,27, , , , , , ,0, ,0, ,99999
215488,99999, ,1991,01,28, , , , , , ,0, ,0, ,99999
215488,99999, ,1991,01,29, , , , , , ,0, ,0, ,99999
215488,99999, ,1991,01,30, , , , , , ,0, ,0, ,99999
215488,99999, ,1991,01,31, , , , , , ,0, ,0, ,99999, , , , , , , ,0.43,5.0

215488,99999, ,1991,02,1, , , , , , ,0, ,0, ,13
215488,99999, ,1991,02,2, , , , , , ,0, ,0, ,10
215488,99999, ,1991,02,3, , , , , , ,0, ,0, ,9
215488,99999, ,1991,02,4, , , , , , ,0, ,0, ,7
215488,99999, ,1991,02,5, , , , , , ,0, ,0, ,6
215488,99999, ,1991,02,6, , , , , , ,0, ,0, ,6
215488,99999, ,1991,02,7, , , , , , ,0, ,0, ,6
215488,99999, ,1991,02,8, , , , , , ,0, ,0, ,5
215488,99999, ,1991,02,9, , , , , , ,0, ,0, ,5
215488,99999, ,1991,02,10, , , , , , ,0, ,0, ,5
215488,99999, ,1991,02,11, , , , , , ,0, ,0, ,5
215488,99999, ,1991,02,12, , , , , , ,0, ,0, ,5
215488,99999, ,1991,02,13, , , , , , ,0, ,0, ,5
215488,99999, ,1991,02,14, , , , , , ,0, ,0, ,5
215488,99999, ,1991,02,15, , , , , , ,T,null,T,null,5
215488,99999, ,1991,02,16, , , , , , ,0, ,0, ,5
215488,99999, ,1991,02,17, , , , , , ,0, ,0, ,5
215488,99999, ,1991,02,18, , , , , , ,0, ,0, ,5
215488,99999, ,1991,02,19, , , , , , ,0.15, ,T,null,5
215488,99999, ,1991,02,20, , , , , , ,0, ,0, ,5
215488,99999, ,1991,02,21, , , , , , ,0, ,0, ,4
215488,99999, ,1991,02,22, , , , , , ,0, ,0, ,4
215488,99999, ,1991,02,23, , , , , , ,0, ,0, ,4
215488,99999, ,1991,02,24, , , , , , ,0.05, ,T,null,4
215488,99999, ,1991,02,25, , , , , , ,0, ,0, ,4
215488,99999, ,1991,02,26, , , , , , ,0, ,0, ,4
215488,99999, ,1991,02,27, , , , , , ,0, ,0, ,4
215488,99999, ,1991,02,28, , , , , , ,0, ,0, ,4, , , , , , , ,0.20,0

215488,99999, ,1991,03,1, , , , , , ,0.02, ,0, ,1
215488,99999, ,1991,03,2, , , , , , ,0.45, ,0, ,0
215488,99999, ,1991,03,3, , , , , , ,0, ,0, ,0
215488,99999, ,1991,03,4, , , , , , ,0, ,0, ,0
215488,99999, ,1991,03,5, , , , , , ,0, ,0, ,0
215488,99999, ,1991,03,6, , , , , , ,0.10, ,T,null,0
215488,99999, ,1991,03,7, , , , , , ,0, ,0, ,0
215488,99999, ,1991,03,8, , , , , , ,0, ,0, ,0
215488,99999, ,1991,03,9, , , , , , ,T,null,0, ,0
215488,99999, ,1991,03,10, , , , , , ,0, ,0, ,0
215488,99999, ,1991,03,11, , , , , , ,0, ,0, ,0
215488,99999, ,1991,03,12, , , , , , ,0.03, ,0, ,0
215488,99999, ,1991,03,13, , , , , , ,0.04, ,0.8, ,1
215488,99999, ,1991,03,14, , , , , , ,0, ,0, ,0
215488,99999, ,1991,03,15, , , , , , ,0, ,0, ,0
215488,99999, ,1991,03,16, , , , , , ,0, ,0, ,0
215488,99999, ,1991,03,17, , , , , , ,0.03, ,0, ,0
215488,99999, ,1991,03,18, , , , , , ,0.01, ,0, ,0
215488,99999, ,1991,03,19, , , , , , ,0, ,0, ,0
215488,99999, ,1991,03,20, , , , , , ,0, ,0, ,0
215488,99999, ,1991,03,21, , , , , , ,0.30, ,0, ,0
215488,99999, ,1991,03,22, , , , , , ,0, ,0, ,0
215488,99999, ,1991,03,23, , , , , , ,1.00, ,9999.9,null,99999
215488,99999, ,1991,03,24, , , , , , ,0.20, ,0, ,0
215488,99999, ,1991,03,25, , , , , , ,0, ,0, ,0
215488,99999, ,1991,03,26, , , , , , ,0, ,0, ,0
215488,99999, ,1991,03,27, , , , , , ,0.12, ,0, ,0
215488,99999, ,1991,03,28, , , , , , ,0.25, ,0, ,0
215488,99999, ,1991,03,29, , , , , , ,0.03, ,0, ,0
215488,99999, ,1991,03,30, , , , , , ,0, ,0, ,0
215488,99999, ,1991,03,31, , , , , , ,0.10, ,0, ,0, , , , , , , ,2.68,0.8

215488,99999, ,1991,04,1, , , , , , ,0, ,0, ,0
215488,99999, ,1991,04,2, , , , , , ,0, ,0, ,0
215488,99999, ,1991,04,3, , , , , , ,0, ,0, ,0
215488,99999, ,1991,04,4, , , , , , ,0, ,0, ,0
215488,99999, ,1991,04,5, , , , , , ,0, ,0, ,0
215488,99999, ,1991,04,6, , , , , , ,0, ,0, ,0
215488,99999, ,1991,04,7, , , , , , ,0, ,0, ,0
215488,99999, ,1991,04,8, , , , , , ,1.31, ,0, ,0
215488,99999, ,1991,04,9, , , , , , ,0.05, ,0, ,0
215488,99999, ,1991,04,10, , , , , , ,999.99,null,9999.9,null,0
215488,99999, ,1991,04,11, , , , , , ,0, ,0, ,0
215488,99999, ,1991,04,12, , , , , , ,0, ,0, ,0
215488,99999, ,1991,04,13, , , , , , ,0.43, ,0, ,0
215488,99999, ,1991,04,14, , , , , , ,0.05, ,0, ,0
215488,99999, ,1991,04,15, , , , , , ,0.70, ,0, ,0
215488,99999, ,1991,04,16, , , , , , ,0.05, ,0, ,0
215488,99999, ,1991,04,17, , , , , , ,0, ,0, ,0
215488,99999, ,1991,04,18, , , , , , ,0, ,0, ,0
215488,99999, ,1991,04,19, , , , , , ,999.99,null,0, ,0
215488,99999, ,1991,04,20, , , , , , ,0, ,0, ,0
215488,99999, ,1991,04,21, , , , , , ,0, ,0, ,0
215488,99999, ,1991,04,22, , , , , , ,0, ,0, ,0
215488,99999, ,1991,04,23, , , , , , ,0.20, ,0, ,0
215488,99999, ,1991,04,24, , , , , , ,0, ,0, ,0
215488,99999, ,1991,04,25, , , , , , ,0, ,0, ,0
215488,99999, ,1991,04,26, , , , , , ,0, ,0, ,0
215488,99999, ,1991,04,27, , , , , , ,1.04, ,0, ,0
215488,99999, ,1991,04,28, , , , , , ,0, ,0, ,0
215488,99999, ,1991,04,29, , , , , , ,1.30, ,0, ,0
215488,99999, ,1991,04,30, , , , , , ,1.55, ,0, ,0, , , , , , , ,6.68,0

215488,99999, ,1991,05,1, , , , , , ,0.07, ,0, ,0
215488,99999, ,1991,05,2, , , , , , ,0, ,0, ,0
215488,99999, ,1991,05,3, , , , , , ,0, ,0, ,0
215488,99999, ,1991,05,4, , , , , , ,0.15, ,0, ,0
215488,99999, ,1991,05,5, , , , , , ,0.14, ,0, ,0
215488,99999, ,1991,05,6, , , , , , ,1.15, ,0, ,0
215488,99999, ,1991,05,7, , , , , , ,0.04, ,0, ,0
215488,99999, ,1991,05,8, , , , , , ,0.10, ,0, ,0
215488,99999, ,1991,05,9, , , , , , ,0.25, ,0, ,0
215488,99999, ,1991,05,10, , , , , , ,0, ,0, ,0
215488,99999, ,1991,05,11, , , , , , ,0, ,0, ,0
215488,99999, ,1991,05,12, , , , , , ,0, ,0, ,0
215488,99999, ,1991,05,13, , , , , , ,0, ,0, ,0
215488,99999, ,1991,05,14, , , , , , ,0.14, ,0, ,0
215488,99999, ,1991,05,15, , , , , , ,0, ,0, ,0
215488,99999, ,1991,05,16, , , , , , ,1.12, ,0, ,0
215488,99999, ,1991,05,17, , , , , , ,0.39, ,0, ,0
215488,99999, ,1991,05,18, , , , , , ,0.25, ,0, ,0
215488,99999, ,1991,05,19, , , , , , ,0.19, ,0, ,0
215488,99999, ,1991,05,20, , , , , , ,0, ,0, ,0
215488,99999, ,1991,05,21, , , , , , ,0, ,0, ,0
215488,99999, ,1991,05,22, , , , , , ,0, ,0, ,0
215488,99999, ,1991,05,23, , , , , , ,0, ,0, ,0
215488,99999, ,1991,05,24, , , , , , ,0, ,0, ,0
215488,99999, ,1991,05,25, , , , , , ,0, ,0, ,0
215488,99999, ,1991,05,26, , , , , , ,0.52, ,0, ,0
215488,99999, ,1991,05,27, , , , , , ,0.03, ,0, ,0
215488,99999, ,1991,05,28, , , , , , ,0.19, ,0, ,0
215488,99999, ,1991,05,29, , , , , , ,0, ,0, ,0
215488,99999, ,1991,05,30, , , , , , ,0, ,0, ,0
215488,99999, ,1991,05,31, , , , , , ,0.49, ,0, ,0, , , , , , , ,5.22,0

215488,99999, ,1991,06,1, , , , , , ,0.85, ,0, ,0
215488,99999, ,1991,06,2, , , , , , ,0.57, ,0, ,0
215488,99999, ,1991,06,3, , , , , , ,0, ,0, ,0
215488,99999, ,1991,06,4, , , , , , ,0, ,0, ,0
215488,99999, ,1991,06,5, , , , , , ,0, ,0, ,0
215488,99999, ,1991,06,6, , , , , , ,0, ,0, ,0
215488,99999, ,1991,06,7, , , , , , ,0, ,0, ,0
215488,99999, ,1991,06,8, , , , , , ,0, ,0, ,0
215488,99999, ,1991,06,9, , , , , , ,0.07, ,0, ,0
215488,99999, ,1991,06,10, , , , , , ,0.10, ,0, ,0
215488,99999, ,1991,06,11, , , , , , ,0.22, ,0, ,0
215488,99999, ,1991,06,12, , , , , , ,0, ,0, ,0
215488,99999, ,1991,06,13, , , , , , ,0, ,0, ,0
215488,99999, ,1991,06,14, , , , , , ,0.13, ,0, ,0
215488,99999, ,1991,06,15, , , , , , ,0.90, ,0, ,0
215488,99999, ,1991,06,16, , , , , , ,0, ,0, ,0
215488,99999, ,1991,06,17, , , , , , ,0, ,0, ,0
215488,99999, ,1991,06,18, , , , , , ,0, ,0, ,0
215488,99999, ,1991,06,19, , , , , , ,0, ,0, ,0
215488,99999, ,1991,06,20, , , , , , ,0, ,0, ,0
215488,99999, ,1991,06,21, , , , , , ,0, ,0, ,0
215488,99999, ,1991,06,22, , , , , , ,0, ,0, ,0
215488,99999, ,1991,06,23, , , , , , ,0, ,0, ,0
215488,99999, ,1991,06,24, , , , , , ,0, ,0, ,0
215488,99999, ,1991,06,25, , , , , , ,0, ,0, ,0
215488,99999, ,1991,06,26, , , , , , ,0, ,0, ,0
215488,99999, ,1991,06,27, , , , , , ,0, ,0, ,0
215488,99999, ,1991,06,28, , , , , , ,0, ,0, ,0
215488,99999, ,1991,06,29, , , , , , ,0, ,0, ,0
215488,99999, ,1991,06,30, , , , , , ,0, ,0, ,0, , , , , , , ,2.84,0

215488,99999, ,1991,07,1, , , , , , ,0.26, ,0, ,0
215488,99999, ,1991,07,2, , , , , , ,0, ,0, ,0
215488,99999, ,1991,07,3, , , , , , ,0, ,0, ,0
215488,99999, ,1991,07,4, , , , , , ,0.11, ,0, ,0
215488,99999, ,1991,07,5, , , , , , ,0.08, ,0, ,0
215488,99999, ,1991,07,6, , , , , , ,0, ,0, ,0
215488,99999, ,1991,07,7, , , , , , ,0, ,0, ,0
215488,99999, ,1991,07,8, , , , , , ,0.14, ,0, ,0
215488,99999, ,1991,07,9, , , , , , ,0, ,0, ,0
215488,99999, ,1991,07,10, , , , , , ,0.16, ,0, ,0
215488,99999, ,1991,07,11, , , , , , ,0, ,0, ,0
215488,99999, ,1991,07,12, , , , , , ,1.20, ,0, ,0
215488,99999, ,1991,07,13, , , , , , ,0, ,0, ,0
215488,99999, ,1991,07,14, , , , , , ,0, ,0, ,0
215488,99999, ,1991,07,15, , , , , , ,0, ,0, ,0
215488,99999, ,1991,07,16, , , , , , ,0, ,0, ,0
215488,99999, ,1991,07,17, , , , , , ,0, ,0, ,0
215488,99999, ,1991,07,18, , , , , , ,1.38, ,0, ,0
215488,99999, ,1991,07,19, , , , , , ,0.08, ,0, ,0
215488,99999, ,1991,07,20, , , , , , ,0.58, ,0, ,0
215488,99999, ,1991,07,21, , , , , , ,0.57, ,0, ,0
215488,99999, ,1991,07,22, , , , , , ,1.79, ,0, ,0
215488,99999, ,1991,07,23, , , , , , ,0, ,0, ,0
215488,99999, ,1991,07,24, , , , , , ,0, ,0, ,0
215488,99999, ,1991,07,25, , , , , , ,0, ,0, ,0
215488,99999, ,1991,07,26, , , , , , ,0, ,0, ,0
215488,99999, ,1991,07,27, , , , , , ,0, ,0, ,0
215488,99999, ,1991,07,28, , , , , , ,0.44, ,0, ,0
215488,99999, ,1991,07,29, , , , , , ,0.12, ,0, ,0
215488,99999, ,1991,07,30, , , , , , ,0, ,0, ,0
215488,99999, ,1991,07,31, , , , , , ,0, ,0, ,0, , , , , , , ,6.91,0

215488,99999, ,1991,08,1, , , , , , ,T,null,0, ,0
215488,99999, ,1991,08,2, , , , , , ,0.01, ,0, ,0
215488,99999, ,1991,08,3, , , , , , ,0.12, ,0, ,0
215488,99999, ,1991,08,4, , , , , , ,0.10, ,0, ,0
215488,99999, ,1991,08,5, , , , , , ,0, ,0, ,0
215488,99999, ,1991,08,6, , , , , , ,0, ,0, ,0
215488,99999, ,1991,08,7, , , , , , ,0.01, ,0, ,0
215488,99999, ,1991,08,8, , , , , , ,2.37, ,0, ,0
215488,99999, ,1991,08,9, , , , , , ,0.07, ,0, ,0
215488,99999, ,1991,08,10, , , , , , ,0, ,0, ,0
215488,99999, ,1991,08,11, , , , , , ,0, ,0, ,0
215488,99999, ,1991,08,12, , , , , , ,0, ,0, ,0
215488,99999, ,1991,08,13, , , , , , ,0, ,0, ,0
215488,99999, ,1991,08,14, , , , , , ,0, ,0, ,0
215488,99999, ,1991,08,15, , , , , , ,0, ,0, ,0
215488,99999, ,1991,08,16, , , , , , ,0.08, ,0, ,0
215488,99999, ,1991,08,17, , , , , , ,0.27, ,0, ,0
215488,99999, ,1991,08,18, , , , , , ,0, ,0, ,0
215488,99999, ,1991,08,19, , , , , , ,0, ,0, ,0
215488,99999, ,1991,08,20, , , , , , ,0, ,0, ,0
215488,99999, ,1991,08,21, , , , , , ,0, ,0, ,0
215488,99999, ,1991,08,22, , , , , , ,0, ,0, ,0
215488,99999, ,1991,08,23, , , , , , ,0, ,0, ,0
215488,99999, ,1991,08,24, , , , , , ,0, ,0, ,0
215488,99999, ,1991,08,25, , , , , , ,0, ,0, ,0
215488,99999, ,1991,08,26, , , , , , ,0, ,0, ,0
215488,99999, ,1991,08,27, , , , , , ,0, ,0, ,0
215488,99999, ,1991,08,28, , , , , , ,0, ,0, ,0
215488,99999, ,1991,08,29, , , , , , ,0, ,0, ,0
215488,99999, ,1991,08,30, , , , , , ,0, ,0, ,0
215488,99999, ,1991,08,31, , , , , , ,0, ,0, ,0, , , , , , , ,3.03,0

215488,99999, ,1991,09,1, , , , , , ,0, ,0, ,0
215488,99999, ,1991,09,2, , , , , , ,0, ,0, ,0
215488,99999, ,1991,09,3, , , , , , ,0.18, ,0, ,0
215488,99999, ,1991,09,4, , , , , , ,0, ,0, ,0
215488,99999, ,1991,09,5, , , , , , ,0, ,0, ,0
215488,99999, ,1991,09,6, , , , , , ,0, ,0, ,0
215488,99999, ,1991,09,7, , , , , , ,0, ,0, ,0
215488,99999, ,1991,09,8, , , , , , ,0.01, ,0, ,0
215488,99999, ,1991,09,9, , , , , , ,1.00, ,0, ,0
215488,99999, ,1991,09,10, , , , , , ,0, ,0, ,0
215488,99999, ,1991,09,11, , , , , , ,0.03, ,0, ,0
215488,99999, ,1991,09,12, , , , , , ,0.77, ,0, ,0
215488,99999, ,1991,09,13, , , , , , ,0, ,0, ,0
215488,99999, ,1991,09,14, , , , , , ,0.58, ,0, ,0
215488,99999, ,1991,09,15, , , , , , ,0.22, ,0, ,0
215488,99999, ,1991,09,16, , , , , , ,0, ,0, ,0
215488,99999, ,1991,09,17, , , , , , ,0, ,0, ,0
215488,99999, ,1991,09,18, , , , , , ,0.08, ,0, ,0
215488,99999, ,1991,09,19, , , , , , ,0, ,0, ,0
215488,99999, ,1991,09,20, , , , , , ,0, ,0, ,0
215488,99999, ,1991,09,21, , , , , , ,0, ,0, ,0
215488,99999, ,1991,09,22, , , , , , ,0, ,0, ,0
215488,99999, ,1991,09,23, , , , , , ,0, ,0, ,0
215488,99999, ,1991,09,24, , , , , , ,0.33, ,0, ,0
215488,99999, ,1991,09,25, , , , , , ,0.18, ,0, ,0
215488,99999, ,1991,09,26, , , , , , ,0.06, ,0, ,0
215488,99999, ,1991,09,27, , , , , , ,0, ,0, ,0
215488,99999, ,1991,09,28, , , , , , ,0, ,0, ,0
215488,99999, ,1991,09,29, , , , , , ,0, ,0, ,0
215488,99999, ,1991,09,30, , , , , , ,0, ,0, ,0, , , , , , , ,3.44,0

215488,99999, ,1991,10,1, , , , , , ,0, ,0, ,0
215488,99999, ,1991,10,2, , , , , , ,0, ,0, ,0
215488,99999, ,1991,10,3, , , , , , ,0, ,0, ,0
215488,99999, ,1991,10,4, , , , , , ,0, ,0, ,0
215488,99999, ,1991,10,5, , , , , , ,0.20, ,0, ,0
215488,99999, ,1991,10,6, , , , , , ,0.23, ,0, ,0
215488,99999, ,1991,10,7, , , , , , ,0, ,0, ,0
215488,99999, ,1991,10,8, , , , , , ,0, ,0, ,0
215488,99999, ,1991,10,9, , , , , , ,0, ,0, ,0
215488,99999, ,1991,10,10, , , , , , ,0, ,0, ,0
215488,99999, ,1991,10,11, , , , , , ,0.02, ,0, ,0
215488,99999, ,1991,10,12, , , , , , ,0, ,0, ,0
215488,99999, ,1991,10,13, , , , , , ,0, ,0, ,0
215488,99999, ,1991,10,14, , , , , , ,0.10, ,0, ,0
215488,99999, ,1991,10,15, , , , , , ,0.10, ,0, ,0
215488,99999, ,1991,10,16, , , , , , ,0, ,0, ,0
215488,99999, ,1991,10,17, , , , , , ,0, ,0, ,0
215488,99999, ,1991,10,18, , , , , , ,0, ,0, ,0
215488,99999, ,1991,10,19, , , , , , ,0.10, ,0, ,0
215488,99999, ,1991,10,20, , , , , , ,0, ,0, ,0
215488,99999, ,1991,10,21, , , , , , ,0, ,0, ,0
215488,99999, ,1991,10,22, , , , , , ,0, ,0, ,0
215488,99999, ,1991,10,23, , , , , , ,0, ,0, ,0
215488,99999, ,1991,10,24, , , , , , ,0.88, ,0, ,0
215488,99999, ,1991,10,25, , , , , , ,0.08, ,0, ,0
215488,99999, ,1991,10,26, , , , , , ,0, ,0, ,0
215488,99999, ,1991,10,27, , , , , , ,0, ,0, ,0
215488,99999, ,1991,10,28, , , , , , ,0, ,0, ,0
215488,99999, ,1991,10,29, , , , , , ,0.07, ,0, ,0
215488,99999, ,1991,10,30, , , , , , ,0, ,0, ,0
215488,99999, ,1991,10,31, , , , , , ,0, ,0, ,0, , , , , , , ,1.78,0

215488,99999, ,1991,11,1,40,25,25,33,0,32,2.02, ,0, ,0
215488,99999, ,1991,11,2,25,15,17,20,0,45,1.09, ,9999.9,null,99999
215488,99999, ,1991,11,3,17,11,11,14,0,51,0, ,0, ,6
215488,99999, ,1991,11,4,21,4,14,13,0,52,0, ,0, ,6
215488,99999, ,1991,11,5,30,11,30,21,0,44,0, ,0, ,6
215488,99999, ,1991,11,6,30,9,9,20,0,45,999.99,null,9999.9,null,6
215488,99999, ,1991,11,7,21,0,11,11,0,54,0, ,0, ,6
215488,99999, ,1991,11,8,27,2,23,15,0,50,0, ,0, ,5
215488,99999, ,1991,11,9,38,20,34,29,0,36,0, ,0, ,5
215488,99999, ,1991,11,10,35,30,34,33,0,32,T,null,0, ,5
215488,99999, ,1991,11,11,36,31,33,34,0,31,0.12, ,9999.9,null,6
215488,99999, ,1991,11,12,37,33,34,35,0,30,0, ,0, ,5
215488,99999, ,1991,11,13,48,28,40,38,0,27,0, ,0, ,4
215488,99999, ,1991,11,14,40,30,38,35,0,30,0, ,0, ,3
215488,99999, ,1991,11,15,42,36,37,39,0,26,0.56, ,0, ,2
215488,99999, ,1991,11,16,42,29,30,36,0,29,0, ,0, ,1
215488,99999, ,1991,11,17,43,28,42,36,0,29,0, ,0, ,1
215488,99999, ,1991,11,18,50,41,43,46,0,19,1.29, ,0, ,0
215488,99999, ,1991,11,19,44,34,37,39,0,26,0, ,0, ,0
215488,99999, ,1991,11,20,44,25,35,35,0,30,0, ,0, ,0
215488,99999, ,1991,11,21,48,35,48,42,0,23,0, ,0, ,0
215488,99999, ,1991,11,22,48,30,35,39,0,26,0.10, ,9999.9,null,99999
215488,99999, ,1991,11,23,35,20,20,28,0,37,0.10, ,9999.9,null,99999
215488,99999, ,1991,11,24,22,15,15,19,0,46,0.15, ,9999.9,null,99999
215488,99999, ,1991,11,25,20,10,10,15,0,50,0, ,0, ,99999
215488,99999, ,1991,11,26,29,4,29,17,0,48,0, ,0, ,99999
215488,99999, ,1991,11,27,33,19,20,26,0,39,0.13, ,2.0, ,99999
215488,99999, ,1991,11,28,24,15,23,20,0,45,0, ,0, ,99999
215488,99999, ,1991,11,29,34,23,34,29,0,36,0, ,0, ,99999
215488,99999, ,1991,11,30,35,11,11,23,0,42,0.97, ,0, ,99999,27.7,34.6,20.8,50,0,0,1110,6.53,2.0

215488,99999, ,1991,12,1,28,4,15,16,0,49,0, ,0, ,99999
215488,99999, ,1991,12,2,19,5,15,12,0,53,0, ,0, ,99999
215488,99999, ,1991,12,3,20,5,5,13,0,52,0.08, ,9999.9,null,99999
215488,99999, ,1991,12,4,5,-6,3,0,0,65,0.06, ,9999.9,null,99999
215488,99999, ,1991,12,5,14,3,11,9,0,56,0.14, ,9999.9,null,99999
215488,99999, ,1991,12,6,35,-4,35,16,0,49,0, ,0, ,99999
215488,99999, ,1991,12,7,45,25,35,35,0,30,0, ,0, ,99999
215488,99999, ,1991,12,8,39,30,34,35,0,30,0, ,0, ,99999
215488,99999, ,1991,12,9,38,20,30,29,0,36,0, ,0, ,99999
215488,99999, ,1991,12,10,47,24,37,36,0,29,0, ,0, ,99999
215488,99999, ,1991,12,11,38,20,30,29,0,36,0, ,0, ,99999
215488,99999, ,1991,12,12,38,30,35,34,0,31,0.31, ,0, ,6
215488,99999, ,1991,12,13,37,20,35,29,0,36,0.66, ,0, ,5
215488,99999, ,1991,12,14,35,14,16,25,0,40,0.04, ,T,null,5
215488,99999, ,1991,12,15,17,3,6,10,0,55,T,null,T,null,5
215488,99999, ,1991,12,16,29,5,24,17,0,48,T,null,T,null,5
215488,99999, ,1991,12,17,30,20,20,25,0,40,0, ,0, ,5
215488,99999, ,1991,12,18,20,3,7,12,0,53,0, ,0, ,5
215488,99999, ,1991,12,19,29,4,29,17,0,48,0, ,0, ,5
215488,99999, ,1991,12,20,36,18,36,27,0,38,0.20, ,1.0, ,6
215488,99999, ,1991,12,21,39,21,36,30,0,35,0, ,0, ,6
215488,99999, ,1991,12,22,40,22,34,31,0,34,0, ,0, ,5
215488,99999, ,1991,12,23,36,28,28,32,0,33,0, ,0, ,5
215488,99999, ,1991,12,24,40,25,27,33,0,32,0, ,0, ,5
215488,99999, ,1991,12,25,34,14,30,24,0,41,0, ,0, ,5
215488,99999, ,1991,12,26,35,27,33,31,0,34,0, ,0, ,5
215488,99999, ,1991,12,27,35,32,32,34,0,31,0, ,0, ,5
215488,99999, ,1991,12,28,33,29,29,31,0,34,0, ,0, ,4
215488,99999, ,1991,12,29,33,28,31,31,0,34,0, ,0, ,4
215488,99999, ,1991,12,30,32,30,31,31,0,34,0, ,0, ,4
215488,99999, ,1991,12,31,35,31,32,33,0,32,0, ,0, ,99999,24.5,32.0,17.1,47,-6,0,1248,1.49,1.0

215488,99999, ,1992,01,1,35,30,31,33,0,32,0.01, ,0, ,4
215488,99999, ,1992,01,2,35,30,33,33,0,32,0, ,0, ,99999
215488,99999, ,1992,01,3,36,32,33,34,0,31,0, ,0, ,99999
215488,99999, ,1992,01,4,44,27,32,36,0,29,0, ,0, ,99999
215488,99999, ,1992,01,5,34,30,33,32,0,33,0, ,0, ,0
215488,99999, ,1992,01,6,35,30,33,33,0,32,0.03, ,0, ,0
215488,99999, ,1992,01,7,34,31,33,33,0,32,0, ,0, ,0
215488,99999, ,1992,01,8,37,31,34,34,0,31,0.07, ,0, ,0
215488,99999, ,1992,01,9,36,19,19,28,0,37,0.08, ,0, ,0
215488,99999, ,1992,01,10,30,9,30,20,0,45,0, ,0, ,0
215488,99999, ,1992,01,11,42,24,33,33,0,32,0, ,0, ,0
215488,99999, ,1992,01,12,42,33,33,38,0,27,0, ,0, ,0
215488,99999, ,1992,01,13,33,21,21,27,0,38,0, ,0, ,0
215488,99999, ,1992,01,14,22,9,15,16,0,49,0, ,0, ,0
215488,99999, ,1992,01,15,16,-6,-6,5,0,60,0, ,0, ,0
215488,99999, ,1992,01,16,22,-6,21,8,0,57,0, ,0, ,0
215488,99999, ,1992,01,17,21,5,5,13,0,52,T,null,T,null,T
215488,99999, ,1992,01,18,5,-6,0,0,0,65,T,null,T,null,T
215488,99999, ,1992,01,19,30,-4,29,13,0,52,0, ,0, ,T
215488,99999, ,1992,01,20,30,10,27,20,0,45,0, ,0, ,T
215488,99999, ,1992,01,21,38,19,32,29,0,36,0, ,0, ,0
215488,99999, ,1992,01,22,36,32,34,34,0,31,0, ,0, ,0
215488,99999, ,1992,01,23,34,15,15,25,0,40,0.20, ,0, ,0
215488,99999, ,1992,01,24,19,5,15,12,0,53,0, ,0, ,0
215488,99999, ,1992,01,25,23,16,16,20,0,45,0.63, ,9999.9,null,99999
215488,99999, ,1992,01,26,27,9,27,18,0,47,0, ,0, ,99999
215488,99999, ,1992,01,27,29,25,25,27,0,38,0, ,0, ,99999
215488,99999, ,1992,01,28,27,10,21,19,0,46,0, ,0, ,99999
215488,99999, ,1992,01,29,37,21,35,29,0,36,0, ,0, ,99999
215488,99999, ,1992,01,30,40,35,35,38,0,27,0, ,0, ,99999
215488,99999, ,1992,01,31,40,30,30,35,0,30,0, ,0, ,99999,24.8,31.3,18.3,44,-6,0,1240,1.02,0

215488,99999, ,1992,02,1,37,22,30,30,0,35,0, ,0, ,4
215488,99999, ,1992,02,2,48,23,35,36,0,29,0, ,0, ,4
215488,99999, ,1992,02,3,48,29,34,39,0,26,0, ,0, ,4
215488,99999, ,1992,02,4,35,27,27,31,0,34,T,null,0, ,2
215488,99999, ,1992,02,5,44,22,34,33,0,32,0, ,0, ,2
215488,99999, ,1992,02,6,40,30,32,35,0,30,0, ,0, ,2
215488,99999, ,1992,02,7,35,15,15,25,0,40,0, ,0, ,2
215488,99999, ,1992,02,8,18,8,12,13,0,52,0, ,0, ,2
215488,99999, ,1992,02,9,25,5,25,15,0,50,0, ,0, ,2
215488,99999, ,1992,02,10,38,24,30,31,0,34,0, ,0, ,2
215488,99999, ,1992,02,11,30,14,16,22,0,43,0, ,0, ,2
215488,99999, ,1992,02,12,29,11,28,20,0,45,0, ,0, ,2
215488,99999, ,1992,02,13,34,23,32,29,0,36,0.04, ,0.5, ,3
215488,99999, ,1992,02,14,34,28,32,31,0,34,0, ,0, ,3
215488,99999, ,1992,02,15,35,28,32,32,0,33,0, ,0, ,3
215488,99999, ,1992,02,16,39,24,36,32,0,33,0, ,0, ,3
215488,99999, ,1992,02,17,40,28,35,34,0,31,0, ,0, ,3
215488,99999, ,1992,02,18,38,30,32,34,0,31,T,null,0, ,3
215488,99999, ,1992,02,19,36,28,35,32,0,33,0.24, ,2.5, ,5
215488,99999, ,1992,02,20,40,27,27,34,0,31,0, ,0, ,4
215488,99999, ,1992,02,21,34,22,32,28,0,37,0, ,0, ,4
215488,99999, ,1992,02,22,36,25,33,31,0,34,0, ,0, ,4
215488,99999, ,1992,02,23,41,29,37,35,0,30,0, ,0, ,4
215488,99999, ,1992,02,24,38,29,32,34,0,31,T,null,0, ,4
215488,99999, ,1992,02,25,32,20,28,26,0,39,0.13, ,9999.9,null,4
215488,99999, ,1992,02,26,47,16,41,32,0,33,0, ,0, ,3
215488,99999, ,1992,02,27,50,35,39,43,0,22,0, ,0, ,3
215488,99999, ,1992,02,28,46,32,35,39,0,26,0, ,0, ,2
215488,99999, ,1992,02,29,44,24,37,34,0,31,0, ,0, ,1,30.5,37.6,23.4,50,5,0,995,0.41,3.0

215488,99999, ,1992,03,1,59,34,47,47,0,18,0, ,0, ,1
215488,99999, ,1992,03,2,51,31,41,41,0,24,0, ,0, ,0
215488,99999, ,1992,03,3,47,26,37,37,0,28,0, ,0, ,0
215488,99999, ,1992,03,4,44,36,42,40,0,25,0.27, ,0, ,0
215488,99999, ,1992,03,5,49,40,44,45,0,20,0.03, ,0, ,0
215488,99999, ,1992,03,6,47,42,45,45,0,20,0.03, ,0, ,0
215488,99999, ,1992,03,7,47,40,42,44,0,21,0.05, ,0, ,0
215488,99999, ,1992,03,8,45,41,41,43,0,22,0, ,0, ,0
215488,99999, ,1992,03,9,42,22,22,32,0,33,0.41, ,1.0, ,1
215488,99999, ,1992,03,10,29,12,18,21,0,44,0.40, ,3.0, ,4
215488,99999, ,1992,03,11,25,10,20,18,0,47,0, ,0, ,4
215488,99999, ,1992,03,12,29,11,20,20,0,45,0.03, ,9999.9,null,3
215488,99999, ,1992,03,13,29,12,25,21,0,44,0, ,0, ,3
215488,99999, ,1992,03,14,36,22,30,29,0,36,0.01, ,0, ,3
215488,99999, ,1992,03,15,38,12,26,25,0,40,0.01, ,0, ,3
215488,99999, ,1992,03,16,43,25,36,34,0,31,0, ,0, ,3
215488,99999, ,1992,03,17,42,29,32,36,0,29,0.03, ,0, ,2
215488,99999, ,1992,03,18,46,15,35,31,0,34,0, ,0, ,2
215488,99999, ,1992,03,19,45,25,35,35,0,30,0, ,0, ,1
215488,99999, ,1992,03,20,47,25,33,36,0,29,0.03, ,0, ,1
215488,99999, ,1992,03,21,34,20,29,27,0,38,0, ,0, ,1
215488,99999, ,1992,03,22,40,15,31,28,0,37,0.18, ,9999.9,null,99999
215488,99999, ,1992,03,23,57,17,41,37,0,28,0, ,0, ,99999
215488,99999, ,1992,03,24,64,29,46,47,0,18,0, ,0, ,0
215488,99999, ,1992,03,25,55,31,40,43,0,22,T,null,T,null,0
215488,99999, ,1992,03,26,41,19,35,30,0,35,0, ,0, ,0
215488,99999, ,1992,03,27,51,20,38,36,0,29,0, ,0, ,0
215488,99999, ,1992,03,28,45,26,34,36,0,29,0, ,0, ,0
215488,99999, ,1992,03,29,40,29,39,35,0,30,0.48, ,0, ,0
215488,99999, ,1992,03,30,55,28,45,42,0,23,0.11, ,0, ,0
215488,99999, ,1992,03,31,47,34,35,41,0,24,0, ,0, ,0,34.6,44.2,25.1,64,10,0,933,2.07,4.0

215488,99999, ,1992,04,1,40,30,34,35,0,30,0, ,0, ,0
215488,99999, ,1992,04,2,49,21,38,35,0,30,0, ,0, ,0
215488,99999, ,1992,04,3,57,31,44,44,0,21,0, ,0, ,0
215488,99999, ,1992,04,4,57,31,44,44,0,21,0, ,0, ,0
215488,99999, ,1992,04,5,59,39,57,49,0,16,0, ,0, ,0
215488,99999, ,1992,04,6,70,48,58,59,0,6,0, ,0, ,0
215488,99999, ,1992,04,7,59,42,52,51,0,14,0.03, ,0, ,0
215488,99999, ,1992,04,8,52,32,44,42,0,23,0, ,0, ,0
215488,99999, ,1992,04,9,64,35,50,50,0,15,0.08, ,0, ,0
215488,99999, ,1992,04,10,50,35,37,43,0,22,0, ,0, ,0
215488,99999, ,1992,04,11,41,35,37,38,0,27,0.22, ,0, ,0
215488,99999, ,1992,04,12,42,22,35,32,0,33,0, ,0, ,0
215488,99999, ,1992,04,13,40,35,38,38,0,27,0, ,0, ,0
215488,99999, ,1992,04,14,48,34,36,41,0,24,0, ,0, ,0
215488,99999, ,1992,04,15,48,34,45,41,0,24,0.41, ,0, ,0
215488,99999, ,1992,04,16,47,39,46,43,0,22,0.73, ,0, ,0
215488,99999, ,1992,04,17,49,42,46,46,0,19,0, ,0, ,0
215488,99999, ,1992,04,18,58,40,57,49,0,16,0, ,0, ,0
215488,99999, ,1992,04,19,65,50,60,58,0,7,0.85, ,0, ,0
215488,99999, ,1992,04,20,67,50,54,59,0,6,0.35, ,0, ,0
215488,99999, ,1992,04,21,57,40,40,49,0,16,0.87, ,0, ,0
215488,99999, ,1992,04,22,46,33,42,40,0,25,0.18, ,0, ,0
215488,99999, ,1992,04,23,45,39,42,42,0,23,0.04, ,0, ,0
215488,99999, ,1992,04,24,46,29,44,38,0,27,0, ,0, ,0
215488,99999, ,1992,04,25,46,38,44,42,0,23,0, ,0, ,0
215488,99999, ,1992,04,26,50,38,48,44,0,21,0, ,0, ,0
215488,99999, ,1992,04,27,64,33,53,49,0,16,0, ,0, ,0
215488,99999, ,1992,04,28,61,28,57,45,0,20,0, ,0, ,0
215488,99999, ,1992,04,29,75,45,68,60,0,5,0.03, ,0, ,0
215488,99999, ,1992,04,30,76,45,72,61,0,4,0, ,0, ,0,45.3,54.3,36.4,76,21,0,583,3.79,0

215488,99999, ,1992,05,1,94,65,81,80,15,0,0, ,0, ,0
215488,99999, ,1992,05,2,82,61,64,72,7,0,0, ,0, ,0
215488,99999, ,1992,05,3,66,44,60,55,0,10,0, ,0, ,0
215488,99999, ,1992,05,4,61,42,54,52,0,13,0, ,0, ,0
215488,99999, ,1992,05,5,65,39,59,52,0,13,0, ,0, ,0
215488,99999, ,1992,05,6,74,35,67,55,0,10,0, ,0, ,0
215488,99999, ,1992,05,7,77,52,74,65,0,0,0, ,0, ,0
215488,99999, ,1992,05,8,82,47,78,65,0,0,0, ,0, ,0
215488,99999, ,1992,05,9,80,52,80,66,1,0,0, ,0, ,0
215488,99999, ,1992,05,10,82,60,79,71,6,0,0, ,0, ,0
215488,99999, ,1992,05,11,80,65,70,73,8,0,0, ,0, ,0
215488,99999, ,1992,05,12,74,63,71,69,4,0,0.06, ,0, ,0
215488,99999, ,1992,05,13,72,50,60,61,0,4,0, ,0, ,0
215488,99999, ,1992,05,14,60,49,99999,55,0,10,0.02, ,0, ,0
215488,99999, ,1992,05,15,71,55,65,63,0,2,0.10, ,0, ,0
215488,99999, ,1992,05,16,83,60,65,72,7,0,0, ,0, ,0
215488,99999, ,1992,05,17,70,56,65,63,0,2,1.89, ,0, ,0
215488,99999, ,1992,05,18,71,48,68,60,0,5,0, ,0, ,0
215488,99999, ,1992,05,19,79,52,78,66,1,0,0, ,0, ,0
215488,99999, ,1992,05,20,84,58,81,71,6,0,0, ,0, ,0
215488,99999, ,1992,05,21,83,60,68,72,7,0,0, ,0, ,0
215488,99999, ,1992,05,22,85,63,69,74,9,0,0.10, ,0, ,0
215488,99999, ,1992,05,23,69,49,60,59,0,6,0.48, ,0, ,0
215488,99999, ,1992,05,24,60,42,52,51,0,14,0, ,0, ,0
215488,99999, ,1992,05,25,53,43,46,48,0,17,0, ,0, ,0
215488,99999, ,1992,05,26,65,43,60,54,0,11,0.14, ,0, ,0
215488,99999, ,1992,05,27,71,44,66,58,0,7,0, ,0, ,0
215488,99999, ,1992,05,28,74,45,71,60,0,5,0, ,0, ,0
215488,99999, ,1992,05,29,77,45,71,61,0,4,0, ,0, ,0
215488,99999, ,1992,05,30,85,47,75,66,1,0,0, ,0, ,0
215488,99999, ,1992,05,31,87,47,75,67,2,0,0, ,0, ,0,62.9,74.7,51.0,94,35,74,133,2.79,0

215488,99999, ,1992,06,1,81,47,72,64,0,1,0, ,0, ,0
215488,99999, ,1992,06,2,79,57,75,68,3,0,0, ,0, ,0
215488,99999, ,1992,06,3,86,55,76,71,6,0,0, ,0, ,0
215488,99999, ,1992,06,4,82,56,70,69,4,0,0, ,0, ,0
215488,99999, ,1992,06,5,84,53,75,69,4,0,0, ,0, ,0
215488,99999, ,1992,06,6,80,60,74,70,5,0,T,null,0, ,0
215488,99999, ,1992,06,7,81,52,72,67,2,0,T,null,0, ,0
215488,99999, ,1992,06,8,72,58,65,65,0,0,T,null,0, ,0
215488,99999, ,1992,06,9,80,56,77,68,3,0,0.02, ,0, ,0
215488,99999, ,1992,06,10,87,60,82,74,9,0,0, ,0, ,0
215488,99999, ,1992,06,11,88,59,80,74,9,0,0, ,0, ,0
215488,99999, ,1992,06,12,96,60,85,78,13,0,0, ,0, ,0
215488,99999, ,1992,06,13,90,64,80,77,12,0,0, ,0, ,0
215488,99999, ,1992,06,14,82,63,73,73,8,0,0.32, ,0, ,0
215488,99999, ,1992,06,15,81,63,74,72,7,0,0, ,0, ,0
215488,99999, ,1992,06,16,77,60,74,69,4,0,0.02, ,0, ,0
215488,99999, ,1992,06,17,86,64,72,75,10,0,1.16, ,0, ,0
215488,99999, ,1992,06,18,77,63,72,70,5,0,0.37, ,0, ,0
215488,99999, ,1992,06,19,73,54,54,64,0,1,0, ,0, ,0
215488,99999, ,1992,06,20,69,44,67,57,0,8,0, ,0, ,0
215488,99999, ,1992,06,21,73,40,66,57,0,8,0, ,0, ,0
215488,99999, ,1992,06,22,67,52,55,60,0,5,0, ,0, ,0
215488,99999, ,1992,06,23,80,51,63,66,1,0,0.03, ,0, ,0
215488,99999, ,1992,06,24,79,54,75,67,2,0,0.28, ,0, ,0
215488,99999, ,1992,06,25,77,55,72,66,1,0,0, ,0, ,0
215488,99999, ,1992,06,26,73,54,72,64,0,1,0, ,0, ,0
215488,99999, ,1992,06,27,80,45,75,63,0,2,0, ,0, ,0
215488,99999, ,1992,06,28,86,59,86,73,8,0,0, ,0, ,0
215488,99999, ,1992,06,29,86,62,73,74,9,0,0, ,0, ,0
215488,99999, ,1992,06,30,80,54,75,67,2,0,0, ,0, ,0,68.1,80.4,55.8,96,40,127,26,2.20,0

215488,99999, ,1992,07,1,88,65,85,77,12,0,0, ,0, ,0
215488,99999, ,1992,07,2,85,61,68,73,8,0,0.51, ,0, ,0
215488,99999, ,1992,07,3,75,50,73,63,0,2,0.01, ,0, ,0
215488,99999, ,1992,07,4,78,59,73,69,4,0,0, ,0, ,0
215488,99999, ,1992,07,5,82,53,78,68,3,0,0, ,0, ,0
215488,99999, ,1992,07,6,81,53,75,67,2,0,0, ,0, ,0
215488,99999, ,1992,07,7,81,64,72,73,8,0,0, ,0, ,0
215488,99999, ,1992,07,8,87,55,79,71,6,0,0.29, ,0, ,0
215488,99999, ,1992,07,9,83,58,74,71,6,0,0.02, ,0, ,0
215488,99999, ,1992,07,10,84,55,70,70,5,0,0.09, ,0, ,0
215488,99999, ,1992,07,11,80,60,71,70,5,0,0.17, ,0, ,0
215488,99999, ,1992,07,12,78,65,70,72,7,0,0.15, ,0, ,0
215488,99999, ,1992,07,13,81,61,65,71,6,0,0.06, ,0, ,0
215488,99999, ,1992,07,14,75,59,71,67,2,0,2.72, ,0, ,0
215488,99999, ,1992,07,15,76,55,71,66,1,0,0, ,0, ,0
215488,99999, ,1992,07,16,85,57,79,71,6,0,0.02, ,0, ,0
215488,99999, ,1992,07,17,80,62,74,71,6,0,0, ,0, ,0
215488,99999, ,1992,07,18,84,59,75,72,7,0,0.07, ,0, ,0
215488,99999, ,1992,07,19,85,59,75,72,7,0,0, ,0, ,0
215488,99999, ,1992,07,20,77,59,73,68,3,0,0, ,0, ,0
215488,99999, ,1992,07,21,75,49,70,62,0,3,0, ,0, ,0
215488,99999, ,1992,07,22,70,54,54,62,0,3,0.01, ,0, ,0
215488,99999, ,1992,07,23,67,54,65,61,0,4,0.98, ,0, ,0
215488,99999, ,1992,07,24,70,54,72,62,0,3,0, ,0, ,0
215488,99999, ,1992,07,25,74,60,72,67,2,0,0, ,0, ,0
215488,99999, ,1992,07,26,82,66,74,74,9,0,0, ,0, ,0
215488,99999, ,1992,07,27,88,58,80,73,8,0,0, ,0, ,0
215488,99999, ,1992,07,28,84,67,74,76,11,0,0, ,0, ,0
215488,99999, ,1992,07,29,77,58,60,68,3,0,0, ,0, ,0
215488,99999, ,1992,07,30,74,56,70,65,0,0,0, ,0, ,0
215488,99999, ,1992,07,31,84,55,79,70,5,0,0, ,0, ,0,68.9,79.7,58.1,88,49,142,15,5.10,0

215488,99999, ,1992,09,1,70,48,68,59,0,6,0, ,0, ,0
215488,99999, ,1992,09,2,71,65,67,68,3,0,0.10, ,0, ,0
215488,99999, ,1992,09,3,75,55,65,65,0,0,0.45, ,0, ,0
215488,99999, ,1992,09,4,69,53,69,61,0,4,0, ,0, ,0
215488,99999, ,1992,09,5,79,64,75,72,7,0,0.32, ,0, ,0
215488,99999, ,1992,09,6,75,60,65,68,3,0,0.88, ,0, ,0
215488,99999, ,1992,09,7,70,55,68,63,0,2,0, ,0, ,0
215488,99999, ,1992,09,8,72,45,60,59,0,6,0.15, ,0, ,0
215488,99999, ,1992,09,9,72,51,61,62,0,3,0.40, ,0, ,0
215488,99999, ,1992,09,10,64,47,56,56,0,9,0.08, ,0, ,0
215488,99999, ,1992,09,11,73,40,65,57,0,8,0, ,0, ,0
215488,99999, ,1992,09,12,74,49,66,62,0,3,0, ,0, ,0
215488,99999, ,1992,09,13,77,61,73,69,4,0,0, ,0, ,0
215488,99999, ,1992,09,14,76,59,70,68,3,0,0.85, ,0, ,0
215488,99999, ,1992,09,15,82,53,75,68,3,0,0.30, ,0, ,0
215488,99999, ,1992,09,16,78,59,76,69,4,0,1.76, ,0, ,0
215488,99999, ,1992,09,17,78,59,67,69,4,0,1.49, ,0, ,0
215488,99999, ,1992,09,18,73,52,53,63,0,2,0.07, ,0, ,0
215488,99999, ,1992,09,19,65,41,58,53,0,12,0, ,0, ,0
215488,99999, ,1992,09,20,65,51,62,58,0,7,0, ,0, ,0
215488,99999, ,1992,09,21,75,55,69,65,0,0,0, ,0, ,0
215488,99999, ,1992,09,22,71,45,50,58,0,7,0, ,0, ,0
215488,99999, ,1992,09,23,60,38,58,49,0,16,0, ,0, ,0
215488,99999, ,1992,09,24,65,50,60,58,0,7,0, ,0, ,0
215488,99999, ,1992,09,25,70,48,65,59,0,6,0, ,0, ,0
215488,99999, ,1992,09,26,65,58,60,62,0,3,0, ,0, ,0
215488,99999, ,1992,09,27,70,49,65,60,0,5,0.04, ,0, ,0
215488,99999, ,1992,09,28,65,36,46,51,0,14,0, ,0, ,0
215488,99999, ,1992,09,29,65,33,53,49,0,16,0, ,0, ,0
215488,99999, ,1992,09,30,76,43,65,60,0,5,0, ,0, ,0,61.0,71.3,50.7,82,33,31,141,6.89,0

215488,99999, ,1992,10,1,83,50,70,67,2,0,0, ,0, ,0
215488,99999, ,1992,10,2,85,50,70,68,3,0,0, ,0, ,0
215488,99999, ,1992,10,3,88,55,58,72,7,0,0, ,0, ,0
215488,99999, ,1992,10,4,70,44,64,57,0,8,0, ,0, ,0
215488,99999, ,1992,10,5,70,49,60,60,0,5,0, ,0, ,0
215488,99999, ,1992,10,6,66,54,57,60,0,5,0, ,0, ,0
215488,99999, ,1992,10,7,60,51,54,56,0,9,0.05, ,0, ,0
215488,99999, ,1992,10,8,58,45,48,52,0,13,0.06, ,0, ,0
215488,99999, ,1992,10,9,53,35,50,44,0,21,0.28, ,0, ,0
215488,99999, ,1992,10,10,60,42,53,51,0,14,0.15, ,0, ,0
215488,99999, ,1992,10,11,68,45,54,57,0,8,0, ,0, ,0
215488,99999, ,1992,10,12,57,45,46,51,0,14,0, ,0, ,0
215488,99999, ,1992,10,13,50,30,48,40,0,25,0, ,0, ,0
215488,99999, ,1992,10,14,50,40,45,45,0,20,0, ,0, ,0
215488,99999, ,1992,10,15,48,40,40,44,0,21,0, ,0, ,0
215488,99999, ,1992,10,16,44,31,37,38,0,27,0.02, ,0, ,0
215488,99999, ,1992,10,17,46,32,39,39,0,26,0, ,0, ,0
215488,99999, ,1992,10,18,40,24,27,32,0,33,0, ,0, ,0
215488,99999, ,1992,10,19,40,19,34,30,0,35,0, ,0, ,0
215488,99999, ,1992,10,20,45,22,39,34,0,31,0.30, ,3.0, ,2
215488,99999, ,1992,10,21,50,34,47,42,0,23,0, ,0, ,0
215488,99999, ,1992,10,22,78,47,65,63,0,2,0, ,0, ,0
215488,99999, ,1992,10,23,75,55,63,65,0,0,0, ,0, ,0
215488,99999, ,1992,10,24,65,42,55,54,0,11,0, ,0, ,0
215488,99999, ,1992,10,25,75,38,58,57,0,8,0, ,0, ,0
215488,99999, ,1992,10,26,70,45,45,58,0,7,0, ,0, ,0
215488,99999, ,1992,10,27,62,30,50,46,0,19,0, ,0, ,0
215488,99999, ,1992,10,28,50,41,45,46,0,19,0, ,0, ,0
215488,99999, ,1992,10,29,46,28,34,37,0,28,0, ,0, ,0
215488,99999, ,1992,10,30,46,24,41,35,0,30,0, ,0, ,0
215488,99999, ,1992,10,31,44,26,42,35,0,30,0, ,0, ,0,49.3,59.4,39.1,88,19,12,492,0.86,3.0

215488,99999, ,1992,11,1,43,35,35,39,0,26,0.11, ,0, ,0
215488,99999, ,1992,11,2,40,35,35,38,0,27,1.00, ,0, ,0
215488,99999, ,1992,11,3,35,32,33,34,0,31,0.50, ,0, ,0
215488,99999, ,1992,11,4,34,32,32,33,0,32,0, ,0, ,0
215488,99999, ,1992,11,5,32,29,29,31,0,34,0, ,0, ,0
215488,99999, ,1992,11,6,29,27,27,28,0,37,0.01, ,9999.9,null,99999
215488,99999, ,1992,11,7,30,25,30,28,0,37,0.01, ,9999.9,null,99999
215488,99999, ,1992,11,8,35,28,37,32,0,33,0, ,0, ,99999
215488,99999, ,1992,11,9,50,35,48,43,0,22,0.03, ,0, ,0
215488,99999, ,1992,11,10,48,39,40,44,0,21,0.07, ,0, ,0
215488,99999, ,1992,11,11,44,24,38,34,0,31,0, ,0, ,0
215488,99999, ,1992,11,12,39,32,35,36,0,29,0, ,0, ,0
215488,99999, ,1992,11,13,35,27,30,31,0,34,0, ,0, ,0
215488,99999, ,1992,11,14,34,23,28,29,0,36,0, ,0, ,0
215488,99999, ,1992,11,15,30,20,27,25,0,40,0, ,0, ,0
215488,99999, ,1992,11,16,43,17,38,30,0,35,0, ,0, ,0
215488,99999, ,1992,11,17,38,35,35,37,0,28,0, ,0, ,0
215488,99999, ,1992,11,18,39,33,38,36,0,29,0, ,0, ,0
215488,99999, ,1992,11,19,40,30,36,35,0,30,0, ,0, ,0
215488,99999, ,1992,11,20,44,34,34,39,0,26,1.05, ,0, ,0
215488,99999, ,1992,11,21,42,34,36,38,0,27,0.62, ,0, ,0
215488,99999, ,1992,11,22,36,31,35,34,0,31,0, ,0, ,0
215488,99999, ,1992,11,23,37,30,35,34,0,31,0, ,0, ,0
215488,99999, ,1992,11,24,38,32,36,35,0,30,0, ,0, ,0
215488,99999, ,1992,11,25,37,31,34,34,0,31,0, ,0, ,0
215488,99999, ,1992,11,26,35,26,26,31,0,34,0, ,0, ,0
215488,99999, ,1992,11,27,36,19,28,28,0,37,0, ,0, ,0
215488,99999, ,1992,11,28,36,18,28,27,0,38,0, ,0, ,0
215488,99999, ,1992,11,29,32,21,30,27,0,38,0, ,0, ,0
215488,99999, ,1992,11,30,31,28,28,30,0,35,T,null,T,null,0,33.1,37.4,28.7,50,17,0,950,3.40,0

215488,99999, ,1992,12,1,35,25,35,30,0,35,0, ,0, ,0
215488,99999, ,1992,12,2,36,28,30,32,0,33,0.04, ,0, ,0
215488,99999, ,1992,12,3,30,25,27,28,0,37,0, ,0, ,0
215488,99999, ,1992,12,4,27,14,18,21,0,44,0.19, ,9999.9,null,99999
215488,99999, ,1992,12,5,21,3,14,12,0,53,0, ,0, ,99999
215488,99999, ,1992,12,6,27,10,25,19,0,46,0, ,0, ,99999
215488,99999, ,1992,12,7,30,24,24,27,0,38,0.02, ,9999.9,null,99999
215488,99999, ,1992,12,8,28,24,27,26,0,39,0, ,0, ,99999
215488,99999, ,1992,12,9,34,27,32,31,0,34,0, ,0, ,99999
215488,99999, ,1992,12,10,36,28,32,32,0,33,0.06, ,0.2, ,3
215488,99999, ,1992,12,11,33,26,29,30,0,35,0, ,0, ,3
215488,99999, ,1992,12,12,38,26,35,32,0,33,0, ,0, ,3
215488,99999, ,1992,12,13,35,32,32,34,0,31,0, ,0, ,2
215488,99999, ,1992,12,14,36,34,34,35,0,30,0.07, ,0, ,1
215488,99999, ,1992,12,15,38,34,38,36,0,29,0.23, ,0, ,0
215488,99999, ,1992,12,16,34,28,99999,31,0,34,0.21, ,1.0, ,1
215488,99999, ,1992,12,17,30,19,19,25,0,40,0, ,0, ,1
215488,99999, ,1992,12,18,28,7,27,18,0,47,0, ,0, ,1
215488,99999, ,1992,12,19,30,12,12,21,0,44,0.18, ,2.0, ,3
215488,99999, ,1992,12,20,23,0,18,12,0,53,0, ,0, ,2
215488,99999, ,1992,12,21,35,11,24,23,0,42,0, ,0, ,2
215488,99999, ,1992,12,22,38,15,31,27,0,38,0, ,0, ,2
215488,99999, ,1992,12,23,32,3,3,18,0,47,0, ,0, ,2
215488,99999, ,1992,12,24,28,-10,22,9,0,56,0, ,0, ,2
215488,99999, ,1992,12,25,28,8,8,18,0,47,T,null,T,null,2
215488,99999, ,1992,12,26,15,-2,99999,7,0,58,0, ,0, ,2
215488,99999, ,1992,12,27,37,12,23,25,0,40,0, ,0, ,2
215488,99999, ,1992,12,28,26,12,26,19,0,46,0, ,0, ,2
215488,99999, ,1992,12,29,34,22,22,28,0,37,0.20, ,3.0, ,5
215488,99999, ,1992,12,30,31,21,21,26,0,39,0.05, ,0, ,5
215488,99999, ,1992,12,31,21,-3,-3,9,0,56,0.03, ,9999.9,null,5,23.7,30.8,16.6,38,-10,0,1274,1.28,6.2

215488,99999, ,1993,01,1,7,-11,0,-2,0,67,0, ,0, ,4
215488,99999, ,1993,01,2,28,0,28,14,0,51,0, ,0, ,4
215488,99999, ,1993,01,3,34,28,34,31,0,34,0.03, ,0, ,4
215488,99999, ,1993,01,4,35,11,11,23,0,42,0.07, ,1.7, ,6
215488,99999, ,1993,01,5,18,10,11,14,0,51,0, ,0, ,99999
215488,99999, ,1993,01,6,12,0,0,6,0,59,0, ,0, ,99999
215488,99999, ,1993,01,7,11,-3,9,4,0,61,0, ,0, ,99999
215488,99999, ,1993,01,8,10,-10,10,0,0,65,0, ,0, ,99999
215488,99999, ,1993,01,9,19,8,14,14,0,51,0, ,0, ,99999
215488,99999, ,1993,01,10,21,7,12,14,0,51,0, ,0, ,99999
215488,99999, ,1993,01,11,24,5,21,15,0,50,0, ,0, ,99999
215488,99999, ,1993,01,12,30,21,28,26,0,39,0.20, ,2.0, ,99999
215488,99999, ,1993,01,13,28,22,25,25,0,40,0.71, ,7.0, ,13
215488,99999, ,1993,01,14,26,10,20,18,0,47,0, ,0, ,13
215488,99999, ,1993,01,15,22,5,8,14,0,51,0, ,0, ,13
215488,99999, ,1993,01,16,30,10,20,20,0,45,0, ,0, ,13
215488,99999, ,1993,01,17,21,-2,0,10,0,55,0, ,0, ,13
215488,99999, ,1993,01,18,19,-9,7,5,0,60,0, ,0, ,13
215488,99999, ,1993,01,19,22,-10,8,6,0,59,0, ,0, ,13
215488,99999, ,1993,01,20,32,0,32,16,0,49,0, ,0, ,12
215488,99999, ,1993,01,21,37,32,34,35,0,30,0.48, ,0, ,12
215488,99999, ,1993,01,22,41,30,30,36,0,29,0.01, ,0, ,12
215488,99999, ,1993,01,23,40,27,35,34,0,31,0, ,0, ,12
215488,99999, ,1993,01,24,35,10,15,23,0,42,0.01, ,0, ,12
215488,99999, ,1993,01,25,22,-2,14,10,0,55,0, ,0, ,99999
215488,99999, ,1993,01,26,40,12,32,26,0,39,0, ,0, ,99999
215488,99999, ,1993,01,27,32,15,24,24,0,41,0, ,0, ,99999
215488,99999, ,1993,01,28,31,12,12,22,0,43,0.08, ,9999.9,null,99999
215488,99999, ,1993,01,29,18,-4,9,7,0,58,0, ,0, ,6
215488,99999, ,1993,01,30,38,4,30,21,0,44,0, ,0, ,6
215488,99999, ,1993,01,31,47,30,37,39,0,26,0, ,0, ,99999,17.5,26.8,8.3,47,-11,0,1465,1.59,10.7

215488,99999, ,1993,02,1,46,22,32,34,0,31,0, ,0, ,99999
215488,99999, ,1993,02,2,39,22,29,31,0,34,0, ,0, ,99999
215488,99999, ,1993,02,3,39,20,32,30,0,35,0, ,0, ,99999
215488,99999, ,1993,02,4,36,16,30,26,0,39,0, ,0, ,5
215488,99999, ,1993,02,5,32,26,32,29,0,36,0, ,0, ,5
215488,99999, ,1993,02,6,33,23,26,28,0,37,0.01, ,0, ,5
215488,99999, ,1993,02,7,34,26,32,30,0,35,T,null,0, ,5
215488,99999, ,1993,02,8,32,26,26,29,0,36,0, ,0, ,5
215488,99999, ,1993,02,9,33,23,33,28,0,37,0, ,0, ,5
215488,99999, ,1993,02,10,35,29,32,32,0,33,0.02, ,9999.9,null,6
215488,99999, ,1993,02,11,32,20,21,26,0,39,0.20, ,0, ,6
215488,99999, ,1993,02,12,30,18,26,24,0,41,0, ,0, ,6
215488,99999, ,1993,02,13,30,22,24,26,0,39,0.04, ,9999.9,null,7
215488,99999, ,1993,02,14,24,9,14,17,0,48,0, ,0, ,7
215488,99999, ,1993,02,15,22,1,14,12,0,53,0, ,0, ,7
215488,99999, ,1993,02,16,18,4,8,11,0,54,0, ,0, ,7
215488,99999, ,1993,02,17,8,-9,-4,0,0,65,0, ,0, ,7
215488,99999, ,1993,02,18,20,-6,5,7,0,58,0, ,0, ,7
215488,99999, ,1993,02,19,24,-8,10,8,0,57,0, ,0, ,7
215488,99999, ,1993,02,20,24,9,24,17,0,48,0, ,0, ,7
215488,99999, ,1993,02,21,30,10,24,20,0,45,0.22, ,9999.9,null,9
215488,99999, ,1993,02,22,27,14,20,21,0,44,0.15, ,9999.9,null,11
215488,99999, ,1993,02,23,20,3,9,12,0,53,0.11, ,9999.9,null,11
215488,99999, ,1993,02,24,14,-14,5,0,0,65,0, ,0, ,11
215488,99999, ,1993,02,25,27,-7,10,10,0,55,0, ,0, ,11
215488,99999, ,1993,02,26,30,-9,12,11,0,54,0, ,0, ,11
215488,99999, ,1993,02,27,31,4,20,18,0,47,0, ,0, ,11
215488,99999, ,1993,02,28,35,8,27,22,0,43,0, ,0, ,11,19.8,28.8,10.8,46,-14,0,1261,0.75,0

215488,99999, ,1993,03,1,49,18,35,34,0,31,0, ,0, ,11
215488,99999, ,1993,03,2,42,25,35,34,0,31,0, ,0, ,11
215488,99999, ,1993,03,3,49,28,39,39,0,26,0, ,0, ,11
215488,99999, ,1993,03,4,44,28,40,36,0,29,0, ,0, ,9
215488,99999, ,1993,03,5,48,28,38,38,0,27,0, ,0, ,9
215488,99999, ,1993,03,6,44,21,34,33,0,32,0, ,0, ,9
215488,99999, ,1993,03,7,48,27,40,38,0,27,0, ,0, ,9
215488,99999, ,1993,03,8,40,34,35,37,0,28,0, ,0, ,9
215488,99999, ,1993,03,9,39,31,33,35,0,30,0.01, ,0, ,9
215488,99999, ,1993,03,10,36,26,26,31,0,34,0.45, ,3.0, ,9
215488,99999, ,1993,03,11,28,18,20,23,0,42,0.05, ,0.3, ,10
215488,99999, ,1993,03,12,26,4,18,15,0,50,0, ,0, ,10
215488,99999, ,1993,03,13,20,3,3,12,0,53,0, ,0, ,10
215488,99999, ,1993,03,14,23,-2,10,11,0,54,0, ,0, ,10
215488,99999, ,1993,03,15,39,4,38,22,0,43,0, ,0, ,10
215488,99999, ,1993,03,16,43,20,21,32,0,33,0, ,0, ,10
215488,99999, ,1993,03,17,24,3,10,14,0,51,0, ,0, ,10
215488,99999, ,1993,03,18,30,0,30,15,0,50,0, ,0, ,10
215488,99999, ,1993,03,19,35,27,34,31,0,34,0.04, ,1.0, ,9
215488,99999, ,1993,03,20,37,32,35,35,0,30,0, ,0, ,9
215488,99999, ,1993,03,21,39,27,36,33,0,32,0, ,0, ,9
215488,99999, ,1993,03,22,36,29,35,33,0,32,0.04, ,1.0, ,9
215488,99999, ,1993,03,23,43,30,40,37,0,28,0.05, ,0, ,6
215488,99999, ,1993,03,24,48,35,45,42,0,23,0, ,0, ,5
215488,99999, ,1993,03,25,54,34,41,44,0,21,0, ,0, ,4
215488,99999, ,1993,03,26,54,29,40,42,0,23,0, ,0, ,3
215488,99999, ,1993,03,27,54,29,42,42,0,23,0, ,0, ,3
215488,99999, ,1993,03,28,60,26,46,43,0,22,0, ,0, ,3
215488,99999, ,1993,03,29,65,30,48,48,0,17,0, ,0, ,2
215488,99999, ,1993,03,30,48,38,43,43,0,22,0, ,0, ,2
215488,99999, ,1993,03,31,47,32,32,40,0,25,0.71, ,0, ,0,32.4,41.7,23.0,65,-2,0,1003,1.35,5.3

215488,99999, ,1993,04,1,39,25,32,32,0,33,0.87, ,9999.9,null,99999
215488,99999, ,1993,04,2,45,20,35,33,0,32,0, ,0, ,99999
215488,99999, ,1993,04,3,53,23,40,38,0,27,0, ,0, ,0
215488,99999, ,1993,04,4,58,25,49,42,0,23,0, ,0, ,0
215488,99999, ,1993,04,5,50,28,44,39,0,26,0, ,0, ,0
215488,99999, ,1993,04,6,51,30,47,41,0,24,0, ,0, ,0
215488,99999, ,1993,04,7,48,39,46,44,0,21,0.11, ,0, ,0
215488,99999, ,1993,04,8,48,44,44,46,0,19,0.47, ,0, ,0
215488,99999, ,1993,04,9,51,38,45,45,0,20,0.22, ,0, ,0
215488,99999, ,1993,04,10,55,30,55,43,0,22,0, ,0, ,0
215488,99999, ,1993,04,11,55,32,38,44,0,21,0.73, ,0, ,0
215488,99999, ,1993,04,12,51,35,44,43,0,22,0.30, ,0, ,0
215488,99999, ,1993,04,13,50,30,49,40,0,25,0, ,0, ,0
215488,99999, ,1993,04,14,49,34,35,42,0,23,0.14, ,0, ,0
215488,99999, ,1993,04,15,41,34,35,38,0,27,0.27, ,0, ,0
215488,99999, ,1993,04,16,53,32,49,43,0,22,0.45, ,2.0, ,2
215488,99999, ,1993,04,17,67,33,56,50,0,15,0, ,0, ,99999
215488,99999, ,1993,04,18,62,41,53,52,0,13,0, ,0, ,0
215488,99999, ,1993,04,19,53,35,35,44,0,21,1.00, ,0, ,0
215488,99999, ,1993,04,20,56,34,50,45,0,20,1.35, ,0, ,0
215488,99999, ,1993,04,21,60,30,56,45,0,20,0, ,0, ,0
215488,99999, ,1993,04,22,64,40,58,52,0,13,0, ,0, ,0
215488,99999, ,1993,04,23,66,48,64,57,0,8,0, ,0, ,0
215488,99999, ,1993,04,24,64,50,52,57,0,8,0, ,0, ,0
215488,99999, ,1993,04,25,61,42,55,52,0,13,0, ,0, ,0
215488,99999, ,1993,04,26,60,38,57,49,0,16,0, ,0, ,0
215488,99999, ,1993,04,27,57,42,56,50,0,15,0.35, ,0, ,0
215488,99999, ,1993,04,28,76,46,66,61,0,4,0.63, ,0, ,0
215488,99999, ,1993,04,29,68,53,63,61,0,4,0, ,0, ,0
215488,99999, ,1993,04,30,64,48,51,56,0,9,0, ,0, ,0,45.9,55.8,36.0,76,20,0,566,6.89,2.0

215488,99999, ,1993,05,1,58,45,50,52,0,13,0.04, ,0, ,0
215488,99999, ,1993,05,2,54,49,52,52,0,13,1.00, ,0, ,0
215488,99999, ,1993,05,3,57,50,56,54,0,11,0.08, ,0, ,0
215488,99999, ,1993,05,4,60,54,59,57,0,8,0.57, ,0, ,0
215488,99999, ,1993,05,5,78,54,75,66,1,0,0.16, ,0, ,0
215488,99999, ,1993,05,6,75,52,70,64,0,1,0, ,0, ,0
215488,99999, ,1993,05,7,73,60,72,67,2,0,0.03, ,0, ,0
215488,99999, ,1993,05,8,83,65,82,74,9,0,0.05, ,0, ,0
215488,99999, ,1993,05,9,80,67,99999,74,9,0,0, ,0, ,0
215488,99999, ,1993,05,10,75,58,64,67,2,0,0, ,0, ,0
215488,99999, ,1993,05,11,84,61,74,73,8,0,0.96, ,0, ,0
215488,99999, ,1993,05,12,77,54,68,66,1,0,0, ,0, ,0
215488,99999, ,1993,05,13,76,45,76,61,0,4,0, ,0, ,0
215488,99999, ,1993,05,14,79,60,74,70,5,0,0, ,0, ,0
215488,99999, ,1993,05,15,74,50,60,62,0,3,0.04, ,0, ,0
215488,99999, ,1993,05,16,68,40,65,54,0,11,0, ,0, ,0
215488,99999, ,1993,05,17,66,44,56,55,0,10,0, ,0, ,0
215488,99999, ,1993,05,18,62,49,58,56,0,9,0.04, ,0, ,0
215488,99999, ,1993,05,19,62,48,58,55,0,10,0, ,0, ,0
215488,99999, ,1993,05,20,65,48,59,57,0,8,0, ,0, ,0
215488,99999, ,1993,05,21,69,49,65,59,0,6,0, ,0, ,0
215488,99999, ,1993,05,22,72,47,58,60,0,5,0, ,0, ,0
215488,99999, ,1993,05,23,68,58,62,63,0,2,0.10, ,0, ,0
215488,99999, ,1993,05,24,62,50,52,56,0,9,0.50, ,0, ,0
215488,99999, ,1993,05,25,71,49,65,60,0,5,0.19, ,0, ,0
215488,99999, ,1993,05,26,79,52,70,66,1,0,0, ,0, ,0
215488,99999, ,1993,05,27,75,56,69,66,1,0,0.12, ,0, ,0
215488,99999, ,1993,05,28,70,52,66,61,0,4,0.50, ,0, ,0
215488,99999, ,1993,05,29,67,47,60,57,0,8,0, ,0, ,0
215488,99999, ,1993,05,30,60,51,52,56,0,9,0.23, ,0, ,0
215488,99999, ,1993,05,31,62,46,60,54,0,11,0.92, ,0, ,0,60.8,69.7,51.9,84,40,39,160,5.53,0

215488,99999, ,1993,06,1,65,41,54,53,0,12,0, ,0, ,0
215488,99999, ,1993,06,2,65,50,62,58,0,7,0.04, ,0, ,0
215488,99999, ,1993,06,3,72,48,65,60,0,5,0.08, ,0, ,0
215488,99999, ,1993,06,4,74,53,72,64,0,1,0, ,0, ,0
215488,99999, ,1993,06,5,79,46,69,63,0,2,0, ,0, ,0
215488,99999, ,1993,06,6,73,55,68,64,0,1,0, ,0, ,0
215488,99999, ,1993,06,7,68,60,63,64,0,1,T,null,0, ,0
215488,99999, ,1993,06,8,74,57,70,66,1,0,0.73, ,0, ,0
215488,99999, ,1993,06,9,74,58,68,66,1,0,2.19, ,0, ,0
215488,99999, ,1993,06,10,79,60,79,70,5,0,0.07, ,0, ,0
215488,99999, ,1993,06,11,82,60,81,71,6,0,0, ,0, ,0
215488,99999, ,1993,06,12,82,65,79,74,9,0,0, ,0, ,0
215488,99999, ,1993,06,13,85,67,79,76,11,0,0, ,0, ,0
215488,99999, ,1993,06,14,79,62,64,71,6,0,0.10, ,0, ,0
215488,99999, ,1993,06,15,78,56,68,67,2,0,0, ,0, ,0
215488,99999, ,1993,06,16,69,55,68,62,0,3,0.21, ,0, ,0
215488,99999, ,1993,06,17,76,62,67,69,4,0,1.10, ,0, ,0
215488,99999, ,1993,06,18,70,62,65,66,1,0,0.35, ,0, ,0
215488,99999, ,1993,06,19,70,60,67,65,0,0,1.15, ,0, ,0
215488,99999, ,1993,06,20,68,60,64,64,0,1,0.80, ,0, ,0
215488,99999, ,1993,06,21,87,60,84,74,9,0,0.03, ,0, ,0
215488,99999, ,1993,06,22,87,62,85,75,10,0,0, ,0, ,0
215488,99999, ,1993,06,23,85,67,82,76,11,0,0, ,0, ,0
215488,99999, ,1993,06,24,82,66,71,74,9,0,0.23, ,0, ,0
215488,99999, ,1993,06,25,79,56,77,68,3,0,0.03, ,0, ,0
215488,99999, ,1993,06,26,86,63,81,75,10,0,0, ,0, ,0
215488,99999, ,1993,06,27,79,59,99999,69,4,0,0, ,0, ,0
215488,99999, ,1993,06,28,81,57,74,69,4,0,0, ,0, ,0
215488,99999, ,1993,06,29,77,56,72,67,2,0,0, ,0, ,0
215488,99999, ,1993,06,30,74,56,70,65,0,0,0.56, ,0, ,0,67.3,76.6,58.0,87,41,108,33,7.67,0

215488,99999, ,1993,07,1,76,60,72,68,3,0,0, ,0, ,0
215488,99999, ,1993,07,2,85,63,78,74,9,0,1.95, ,0, ,0
215488,99999, ,1993,07,3,79,63,73,71,6,0,0, ,0, ,0
215488,99999, ,1993,07,4,80,70,79,75,10,0,1.62, ,0, ,0
215488,99999, ,1993,07,5,80,70,72,75,10,0,0.01, ,0, ,0
215488,99999, ,1993,07,6,86,64,83,75,10,0,0.03, ,0, ,0
215488,99999, ,1993,07,7,83,62,72,73,8,0,0, ,0, ,0
215488,99999, ,1993,07,8,81,65,75,73,8,0,0, ,0, ,0
215488,99999, ,1993,07,9,85,67,83,76,11,0,0.04, ,0, ,0
215488,99999, ,1993,07,10,85,62,70,74,9,0,0, ,0, ,0
215488,99999, ,1993,07,11,81,65,76,73,8,0,0.40, ,0, ,0
215488,99999, ,1993,07,12,79,58,74,69,4,0,0.04, ,0, ,0
215488,99999, ,1993,07,13,74,61,66,68,3,0,0, ,0, ,0
215488,99999, ,1993,07,14,81,62,74,72,7,0,0.42, ,0, ,0
215488,99999, ,1993,07,15,85,58,83,72,7,0,0, ,0, ,0
215488,99999, ,1993,07,16,83,65,78,74,9,0,0, ,0, ,0
215488,99999, ,1993,07,17,79,72,73,76,11,0,0, ,0, ,0
215488,99999, ,1993,07,18,83,70,82,77,12,0,0.35, ,0, ,0
215488,99999, ,1993,07,19,84,70,80,77,12,0,0.03, ,0, ,0
215488,99999, ,1993,07,20,82,63,79,73,8,0,0, ,0, ,0
215488,99999, ,1993,07,21,80,61,78,71,6,0,0, ,0, ,0
215488,99999, ,1993,07,22,79,60,72,70,5,0,0, ,0, ,0
215488,99999, ,1993,07,23,74,67,73,71,6,0,0, ,0, ,0
215488,99999, ,1993,07,24,83,69,81,76,11,0,0, ,0, ,0
215488,99999, ,1993,07,25,84,70,79,77,12,0,0.25, ,0, ,0
215488,99999, ,1993,07,26,87,69,87,78,13,0,0, ,0, ,0
215488,99999, ,1993,07,27,89,69,78,79,14,0,0, ,0, ,0
215488,99999, ,1993,07,28,78,68,77,73,8,0,0.46, ,0, ,0
215488,99999, ,1993,07,29,84,65,72,75,10,0,0, ,0, ,0
215488,99999, ,1993,07,30,89,64,80,77,12,0,0, ,0, ,0
215488,99999, ,1993,07,31,78,70,74,74,9,0,0, ,0, ,0,73.5,81.8,65.2,89,58,271,0,5.60,0

215488,99999, ,1993,08,1,84,68,80,76,11,0,0.21, ,0, ,0
215488,99999, ,1993,08,2,80,58,74,69,4,0,0, ,0, ,0
215488,99999, ,1993,08,3,75,60,63,68,3,0,0, ,0, ,0
215488,99999, ,1993,08,4,78,53,68,66,1,0,0, ,0, ,0
215488,99999, ,1993,08,5,78,55,68,67,2,0,0, ,0, ,0
215488,99999, ,1993,08,6,75,55,70,65,0,0,0.18, ,0, ,0
215488,99999, ,1993,08,7,80,58,74,69,4,0,0, ,0, ,0
215488,99999, ,1993,08,8,81,62,79,72,7,0,0, ,0, ,0
215488,99999, ,1993,08,9,84,67,78,76,11,0,0.16, ,0, ,0
215488,99999, ,1993,08,10,90,67,83,79,14,0,0.82, ,0, ,0
215488,99999, ,1993,08,11,93,68,84,81,16,0,0, ,0, ,0
215488,99999, ,1993,08,12,90,68,80,79,14,0,0, ,0, ,0
215488,99999, ,1993,08,13,81,70,76,76,11,0,0, ,0, ,0
215488,99999, ,1993,08,14,78,70,75,74,9,0,0, ,0, ,0
215488,99999, ,1993,08,15,86,68,77,77,12,0,1.40, ,0, ,0
215488,99999, ,1993,08,16,82,68,74,75,10,0,0.22, ,0, ,0
215488,99999, ,1993,08,17,89,67,83,78,13,0,1.20, ,0, ,0
215488,99999, ,1993,08,18,83,67,73,75,10,0,0, ,0, ,0
215488,99999, ,1993,08,19,88,67,75,78,13,0,1.20, ,0, ,0
215488,99999, ,1993,08,20,80,64,75,72,7,0,0, ,0, ,0
215488,99999, ,1993,08,21,81,53,73,67,2,0,0, ,0, ,0
215488,99999, ,1993,08,22,75,63,73,69,4,0,0, ,0, ,0
215488,99999, ,1993,08,23,87,71,78,79,14,0,0, ,0, ,0
215488,99999, ,1993,08,24,92,68,81,80,15,0,0, ,0, ,0
215488,99999, ,1993,08,25,92,68,83,80,15,0,0, ,0, ,0
215488,99999, ,1993,08,26,94,74,86,84,19,0,0, ,0, ,0
215488,99999, ,1993,08,27,86,72,72,79,14,0,0.02, ,0, ,0
215488,99999, ,1993,08,28,78,60,72,69,4,0,0, ,0, ,0
215488,99999, ,1993,08,29,74,63,73,69,4,0,0, ,0, ,0
215488,99999, ,1993,08,30,77,66,66,72,7,0,2.12, ,0, ,0
215488,99999, ,1993,08,31,75,57,62,66,1,0,0.20, ,0, ,0,73.6,82.8,64.4,94,53,271,0,7.73,0

215488,99999, ,1993,09,1,77,52,68,65,0,0,0, ,0, ,0
215488,99999, ,1993,09,2,87,62,70,75,10,0,0, ,0, ,0
215488,99999, ,1993,09,3,73,59,62,66,1,0,0, ,0, ,0
215488,99999, ,1993,09,4,75,55,69,65,0,0,0, ,0, ,0
215488,99999, ,1993,09,5,70,52,58,61,0,4,0, ,0, ,0
215488,99999, ,1993,09,6,76,52,60,64,0,1,0, ,0, ,0
215488,99999, ,1993,09,7,71,51,61,61,0,4,0.02, ,0, ,0
215488,99999, ,1993,09,8,74,50,64,62,0,3,0.04, ,0, ,0
215488,99999, ,1993,09,9,72,60,65,66,1,0,0, ,0, ,0
215488,99999, ,1993,09,10,67,51,57,59,0,6,0, ,0, ,0
215488,99999, ,1993,09,11,64,45,62,55,0,10,0, ,0, ,0
215488,99999, ,1993,09,12,81,59,80,70,5,0,0.47, ,0, ,0
215488,99999, ,1993,09,13,80,65,67,73,8,0,0.02, ,0, ,0
215488,99999, ,1993,09,14,68,50,50,59,0,6,2.18, ,0, ,0
215488,99999, ,1993,09,15,55,48,53,52,0,13,0.04, ,0, ,0
215488,99999, ,1993,09,16,64,48,56,56,0,9,0, ,0, ,0
215488,99999, ,1993,09,17,69,50,60,60,0,5,0, ,0, ,0
215488,99999, ,1993,09,18,69,50,55,60,0,5,T,null,0, ,0
215488,99999, ,1993,09,19,56,46,54,51,0,14,0, ,0, ,0
215488,99999, ,1993,09,20,59,52,58,56,0,9,0.24, ,0, ,0
215488,99999, ,1993,09,21,62,55,60,59,0,6,0.31, ,0, ,0
215488,99999, ,1993,09,22,65,55,60,60,0,5,0.11, ,0, ,0
215488,99999, ,1993,09,23,65,43,52,54,0,11,0.08, ,0, ,0
215488,99999, ,1993,09,24,70,40,55,55,0,10,0, ,0, ,0
215488,99999, ,1993,09,25,60,45,54,53,0,12,0, ,0, ,0
215488,99999, ,1993,09,26,58,42,52,50,0,15,0, ,0, ,0
215488,99999, ,1993,09,27,58,44,48,51,0,14,0.10, ,0, ,0
215488,99999, ,1993,09,28,58,42,48,50,0,15,0.06, ,0, ,0
215488,99999, ,1993,09,29,55,41,41,48,0,17,0.01, ,0, ,0
215488,99999, ,1993,09,30,65,35,63,50,0,15,0, ,0, ,0,58.7,67.4,50.0,87,35,25,209,3.68,0

215488,99999, ,1993,10,1,63,50,50,57,0,8,0, ,0, ,0
215488,99999, ,1993,10,2,55,35,45,45,0,20,0, ,0, ,0
215488,99999, ,1993,10,3,78,44,65,61,0,4,0, ,0, ,0
215488,99999, ,1993,10,4,66,49,52,58,0,7,0, ,0, ,0
215488,99999, ,1993,10,5,66,36,54,51,0,14,0, ,0, ,0
215488,99999, ,1993,10,6,82,50,69,66,1,0,0.26, ,0, ,0
215488,99999, ,1993,10,7,85,60,65,73,8,0,0, ,0, ,0
215488,99999, ,1993,10,8,66,42,42,54,0,11,0, ,0, ,0
215488,99999, ,1993,10,9,59,33,40,46,0,19,0.21, ,0, ,0
215488,99999, ,1993,10,10,60,30,45,45,0,20,0, ,0, ,0
215488,99999, ,1993,10,11,65,34,55,50,0,15,0, ,0, ,0
215488,99999, ,1993,10,12,63,40,51,52,0,13,0, ,0, ,0
215488,99999, ,1993,10,13,60,30,49,45,0,20,0, ,0, ,0
215488,99999, ,1993,10,14,72,42,59,57,0,8,0, ,0, ,0
215488,99999, ,1993,10,15,61,44,54,53,0,12,0, ,0, ,0
215488,99999, ,1993,10,16,57,50,53,54,0,11,0.23, ,0, ,0
215488,99999, ,1993,10,17,60,44,49,52,0,13,0, ,0, ,0
215488,99999, ,1993,10,18,61,45,54,53,0,12,0, ,0, ,0
215488,99999, ,1993,10,19,67,41,55,54,0,11,0, ,0, ,0
215488,99999, ,1993,10,20,55,43,44,49,0,16,0, ,0, ,0
215488,99999, ,1993,10,21,53,37,43,45,0,20,0.38, ,0, ,0
215488,99999, ,1993,10,22,65,29,51,47,0,18,0, ,0, ,0
215488,99999, ,1993,10,23,77,41,64,59,0,6,0, ,0, ,0
215488,99999, ,1993,10,24,70,47,59,59,0,6,0, ,0, ,0
215488,99999, ,1993,10,25,72,47,58,60,0,5,0, ,0, ,0
215488,99999, ,1993,10,26,59,44,45,52,0,13,0, ,0, ,0
215488,99999, ,1993,10,27,51,38,44,45,0,20,0, ,0, ,0
215488,99999, ,1993,10,28,53,38,40,46,0,19,0.01, ,0, ,0
215488,99999, ,1993,10,29,40,30,34,35,0,30,0, ,0, ,0
215488,99999, ,1993,10,30,39,27,32,33,0,32,0, ,0, ,0
215488,99999, ,1993,10,31,42,25,30,34,0,31,0, ,0, ,0,51.1,62.0,40.2,85,25,9,434,1.09,0

215488,99999, ,1993,11,1,48,24,42,36,0,29,0, ,0, ,0
215488,99999, ,1993,11,2,52,38,40,45,0,20,0, ,0, ,0
215488,99999, ,1993,11,3,58,40,50,49,0,16,0, ,0, ,0
215488,99999, ,1993,11,4,59,40,40,50,0,15,0, ,0, ,0
215488,99999, ,1993,11,5,50,29,29,40,0,25,0.10, ,9999.9,null,99999
215488,99999, ,1993,11,6,30,20,20,25,0,40,0, ,0, ,99999
215488,99999, ,1993,11,7,39,20,39,30,0,35,0, ,0, ,0
215488,99999, ,1993,11,8,39,27,32,33,0,32,0.10, ,0, ,0
215488,99999, ,1993,11,9,50,25,40,38,0,27,0, ,0, ,0
215488,99999, ,1993,11,10,43,31,40,37,0,28,0.18, ,0, ,0
215488,99999, ,1993,11,11,45,36,36,41,0,24,0, ,0, ,0
215488,99999, ,1993,11,12,40,28,99999,34,0,31,0, ,0, ,0
215488,99999, ,1993,11,13,52,39,39,46,0,19,0.35, ,0, ,0
215488,99999, ,1993,11,14,41,38,40,40,0,25,0, ,0, ,0
215488,99999, ,1993,11,15,45,33,34,39,0,26,0.14, ,0, ,0
215488,99999, ,1993,11,16,38,32,37,35,0,30,0, ,0, ,0
215488,99999, ,1993,11,17,47,34,34,41,0,24,0, ,0, ,0
215488,99999, ,1993,11,18,46,31,39,39,0,26,0, ,0, ,0
215488,99999, ,1993,11,19,43,29,29,36,0,29,0.02, ,0, ,0
215488,99999, ,1993,11,20,40,25,37,33,0,32,0, ,0, ,0
215488,99999, ,1993,11,21,54,32,45,43,0,22,0, ,0, ,0
215488,99999, ,1993,11,22,47,30,39,39,0,26,0, ,0, ,0
215488,99999, ,1993,11,23,40,34,38,37,0,28,0, ,0, ,0
215488,99999, ,1993,11,24,38,30,35,34,0,31,0, ,0, ,0
215488,99999, ,1993,11,25,38,30,33,34,0,31,0.08, ,0, ,0
215488,99999, ,1993,11,26,35,11,11,23,0,42,0.35, ,2.0, ,2
215488,99999, ,1993,11,27,25,8,22,17,0,48,0.02, ,T,null,2
215488,99999, ,1993,11,28,26,9,20,18,0,47,0.04, ,1.0, ,3
215488,99999, ,1993,11,29,24,12,17,18,0,47,T,null,T,null,3
215488,99999, ,1993,11,30,27,8,27,18,0,47,0, ,0, ,3,34.7,42.0,27.4,59,8,0,902,1.38,3.0

215488,99999, ,1993,12,1,37,16,36,27,0,38,0, ,0, ,3
215488,99999, ,1993,12,2,38,28,34,33,0,32,0.02, ,0, ,99999
215488,99999, ,1993,12,3,35,26,33,31,0,34,0, ,0, ,99999
215488,99999, ,1993,12,4,35,32,33,34,0,31,0, ,0, ,99999
215488,99999, ,1993,12,5,36,29,35,33,0,32,0, ,0, ,99999
215488,99999, ,1993,12,6,36,23,23,30,0,35,0.02, ,0, ,99999
215488,99999, ,1993,12,7,33,20,30,27,0,38,0, ,0, ,99999
215488,99999, ,1993,12,8,33,27,31,30,0,35,0, ,0, ,99999
215488,99999, ,1993,12,9,46,30,35,38,0,27,0, ,0, ,99999
215488,99999, ,1993,12,10,37,22,22,30,0,35,0, ,0, ,99999
215488,99999, ,1993,12,11,28,12,28,20,0,45,0, ,0, ,99999
215488,99999, ,1993,12,12,47,28,45,38,0,27,0, ,0, ,99999
215488,99999, ,1993,12,13,47,37,37,42,0,23,0, ,0, ,99999
215488,99999, ,1993,12,14,43,36,40,40,0,25,0.21, ,0, ,99999
215488,99999, ,1993,12,15,50,35,39,43,0,22,0, ,0, ,99999
215488,99999, ,1993,12,16,40,33,36,37,0,28,0, ,0, ,99999
215488,99999, ,1993,12,17,37,34,36,36,0,29,0.05, ,0, ,99999
215488,99999, ,1993,12,18,36,32,35,34,0,31,0.16, ,0, ,99999
215488,99999, ,1993,12,19,36,30,35,33,0,32,0, ,0, ,99999
215488,99999, ,1993,12,20,35,20,20,28,0,37,0.01, ,9999.9,null,99999
215488,99999, ,1993,12,21,21,10,20,16,0,49,0.02, ,9999.9,null,99999
215488,99999, ,1993,12,22,26,18,20,22,0,43,0.05, ,2.0, ,2
215488,99999, ,1993,12,23,22,9,12,16,0,49,0.01, ,9999.9,null,2
215488,99999, ,1993,12,24,15,0,12,8,0,57,0, ,0, ,1
215488,99999, ,1993,12,25,13,-1,1,6,0,59,0, ,0, ,1
215488,99999, ,1993,12,26,5,-5,5,0,0,65,0, ,0, ,1
215488,99999, ,1993,12,27,6,-2,2,2,0,63,0, ,0, ,1
215488,99999, ,1993,12,28,11,-10,10,1,0,64,0, ,0, ,1
215488,99999, ,1993,12,29,21,2,5,12,0,53,0, ,0, ,1
215488,99999, ,1993,12,30,28,-4,28,12,0,53,0, ,0, ,1
215488,99999, ,1993,12,31,34,19,34,27,0,38,T,null,T,null,2,25.0,31.2,18.9,50,-10,0,1229,0.55,2.0

215488,99999, ,1994,01,1,34,15,15,25,0,40,0, ,0, ,99999
215488,99999, ,1994,01,2,22,12,20,17,0,48,T,null,T,null,2
215488,99999, ,1994,01,3,22,9,20,16,0,49,0.08, ,2.0, ,4
215488,99999, ,1994,01,4,21,8,15,15,0,50,0, ,0, ,99999
215488,99999, ,1994,01,5,16,3,9,10,0,55,0, ,0, ,99999
215488,99999, ,1994,01,6,22,3,11,13,0,52,0.35, ,9999.9,null,99999
215488,99999, ,1994,01,7,11,-12,-4,0,0,65,0.10, ,9999.9,null,99999
215488,99999, ,1994,01,8,4,-11,-3,-3,0,68,0, ,0, ,99999
215488,99999, ,1994,01,9,14,-14,14,0,0,65,0, ,0, ,99999
215488,99999, ,1994,01,10,32,13,32,23,0,42,0, ,0, ,99999
215488,99999, ,1994,01,11,32,5,13,19,0,46,0.20, ,0, ,99999
215488,99999, ,1994,01,12,30,13,17,22,0,43,0, ,0, ,99999
215488,99999, ,1994,01,13,18,-5,-5,7,0,58,0, ,0, ,99999
215488,99999, ,1994,01,14,-2,-16,-12,-9,0,74,0.10, ,9999.9,null,99999
215488,99999, ,1994,01,15,-8,-22,-18,-15,0,80,0, ,0, ,99999
215488,99999, ,1994,01,16,0,-18,0,-9,0,74,0.30, ,5.0, ,9
215488,99999, ,1994,01,17,0,-18,-18,-9,0,74,0.30, ,3.0, ,12
215488,99999, ,1994,01,18,-10,-25,-20,-17,0,82,0, ,0, ,99999
215488,99999, ,1994,01,19,-4,-29,-18,-16,0,81,0, ,0, ,99999
215488,99999, ,1994,01,20,-4,-25,-10,-14,0,79,0, ,0, ,99999
215488,99999, ,1994,01,21,26,-9,20,9,0,56,0, ,0, ,99999
215488,99999, ,1994,01,22,27,6,22,17,0,48,0, ,0, ,99999
215488,99999, ,1994,01,23,37,22,30,30,0,35,0, ,0, ,99999
215488,99999, ,1994,01,24,33,10,20,22,0,43,0, ,0, ,99999
215488,99999, ,1994,01,25,24,10,20,17,0,48,0, ,0, ,99999
215488,99999, ,1994,01,26,22,13,21,18,0,47,0.09, ,2.0, ,6
215488,99999, ,1994,01,27,24,15,23,20,0,45,0.30, ,3.0, ,8
215488,99999, ,1994,01,28,26,18,22,22,0,43,0.06, ,1.0, ,9
215488,99999, ,1994,01,29,25,4,4,15,0,50,0.03, ,1.0, ,10
215488,99999, ,1994,01,30,12,-16,-2,-2,0,67,0, ,0, ,10
215488,99999, ,1994,01,31,0,-26,-4,-13,0,78,0, ,0, ,10,7.1,16.3,-2.2,37,-29,0,1785,1.91,17.0

215488,99999, ,1994,02,1,27,-13,3,7,0,58,0, ,0, ,10
215488,99999, ,1994,02,2,16,0,9,8,0,57,0, ,0, ,99999
215488,99999, ,1994,02,3,14,-6,5,4,0,61,0, ,0, ,99999
215488,99999, ,1994,02,4,12,-13,8,0,0,65,0, ,0, ,99999
215488,99999, ,1994,02,5,20,2,10,11,0,54,0, ,0, ,99999
215488,99999, ,1994,02,6,20,4,9,12,0,53,0, ,0, ,99999
215488,99999, ,1994,02,7,9,-14,-6,-2,0,67,0, ,0, ,99999
215488,99999, ,1994,02,8,9,-6,99999,2,0,63,0.04, ,9999.9,null,99999
215488,99999, ,1994,02,9,7,-15,-4,-4,0,69,0.07, ,9999.9,null,99999
215488,99999, ,1994,02,10,15,-15,15,0,0,65,0, ,0, ,99999
215488,99999, ,1994,02,11,30,15,24,23,0,42,0, ,0, ,99999
215488,99999, ,1994,02,12,29,15,15,22,0,43,0, ,0, ,99999
215488,99999, ,1994,02,13,27,2,17,15,0,50,0.09, ,9999.9,null,99999
215488,99999, ,1994,02,14,43,8,31,26,0,39,0, ,0, ,99999
215488,99999, ,1994,02,15,35,21,21,28,0,37,0, ,0, ,99999
215488,99999, ,1994,02,16,42,10,33,26,0,39,0, ,0, ,99999
215488,99999, ,1994,02,17,50,20,40,35,0,30,0, ,0, ,99999
215488,99999, ,1994,02,18,53,29,52,41,0,24,0, ,0, ,99999
215488,99999, ,1994,02,19,53,35,35,44,0,21,0, ,0, ,99999
215488,99999, ,1994,02,20,35,21,26,28,0,37,0, ,0, ,99999
215488,99999, ,1994,02,21,33,19,22,26,0,39,0, ,0, ,99999
215488,99999, ,1994,02,22,25,15,20,20,0,45,0, ,0, ,99999
215488,99999, ,1994,02,23,21,15,18,18,0,47,0.21, ,3.0, ,3
215488,99999, ,1994,02,24,30,10,17,20,0,45,0.51, ,5.0, ,5
215488,99999, ,1994,02,25,21,10,13,16,0,49,0.22, ,3.0, ,8
215488,99999, ,1994,02,26,22,-5,15,9,0,56,0.03, ,3.0, ,8
215488,99999, ,1994,02,27,22,-3,20,10,0,55,0, ,0, ,8
215488,99999, ,1994,02,28,35,20,27,28,0,37,0, ,0, ,99999,16.7,27.0,6.5,53,-15,0,1347,1.17,14.0

215488,99999, ,1994,03,1,35,10,25,23,0,42,0, ,0, , 
215488,99999, ,1994,03,2,42,11,30,27,0,38,0, ,0, , 
215488,99999, ,1994,03,3,45,25,38,35,0,30,0, ,0, , 
215488,99999, ,1994,03,4,51,33,46,42,0,23,0, ,0, , 
215488,99999, ,1994,03,5,54,32,40,43,0,22,0, ,0, , 
215488,99999, ,1994,03,6,49,32,38,41,0,24,0.25, ,0, , 
215488,99999, ,1994,03,7,45,28,28,37,0,28,0, ,0, , 
215488,99999, ,1994,03,8,39,18,32,29,0,36,0, ,0, , 
215488,99999, ,1994,03,9,32,15,27,24,0,41,0, ,0, , 
215488,99999, ,1994,03,10,39,24,31,32,0,33,0.01, ,0, , 
215488,99999, ,1994,03,11,35,17,37,26,0,39,0, ,0, , 
215488,99999, ,1994,03,12,42,32,43,37,0,28,0, ,0, , 
215488,99999, ,1994,03,13,53,26,39,40,0,25,0, ,0, , 
215488,99999, ,1994,03,14,48,33,49,41,0,24,0, ,0, , 
215488,99999, ,1994,03,15,51,30,37,41,0,24,0, ,0, , 
215488,99999, ,1994,03,16,50,22,32,36,0,29,0, ,0, , 
215488,99999, ,1994,03,17,45,26,38,36,0,29,0, ,0, , 
215488,99999, ,1994,03,18,41,33,35,37,0,28,0.01, ,0, , 
215488,99999, ,1994,03,19,45,30,43,38,0,27,0, ,0, , 
215488,99999, ,1994,03,20,45,35,46,40,0,25,0.03, ,0, , 
215488,99999, ,1994,03,21,59,40,46,50,0,15,0.05, ,0, , 
215488,99999, ,1994,03,22,59,35,51,47,0,18,0, ,0, , 
215488,99999, ,1994,03,23,71,38,43,55,0,10,0, ,0, , 
215488,99999, ,1994,03,24,53,29,33,41,0,24,0, ,0, , 
215488,99999, ,1994,03,25,43,18,40,31,0,34,0, ,0, , 
215488,99999, ,1994,03,26,49,23,45,36,0,29,0, ,0, , 
215488,99999, ,1994,03,27,50,30,39,40,0,25,0, ,0, , 
215488,99999, ,1994,03,28,45,32,39,39,0,26,0, ,0, , 
215488,99999, ,1994,03,29,41,28,36,35,0,30,0, ,0, , 
215488,99999, ,1994,03,30,41,23,36,32,0,33,0, ,0, , 
215488,99999, ,1994,03,31,48,29,53,39,0,26,0, ,0, , ,36.8,46.6,27.0,71,10,0,865,0.35,0

215488,99999, ,1994,04,1,70,32,55,51,0,14,0, ,0, ,99999
215488,99999, ,1994,04,2,67,37,37,52,0,13,0, ,0, ,99999
215488,99999, ,1994,04,3,54,28,45,41,0,24,0, ,0, ,99999
215488,99999, ,1994,04,4,45,33,33,39,0,26,0.06, ,0, ,99999
215488,99999, ,1994,04,5,40,25,36,33,0,32,0.75, ,2.0, ,2
215488,99999, ,1994,04,6,40,21,38,31,0,34,0, ,0, ,2
215488,99999, ,1994,04,7,52,25,50,39,0,26,0, ,0, ,0
215488,99999, ,1994,04,8,50,39,49,45,0,20,0, ,0, ,0
215488,99999, ,1994,04,9,54,41,46,48,0,17,0.13, ,0, ,0
215488,99999, ,1994,04,10,66,33,56,50,0,15,0, ,0, ,0
215488,99999, ,1994,04,11,58,29,55,44,0,21,0, ,0, ,0
215488,99999, ,1994,04,12,55,40,43,48,0,17,0, ,0, ,0
215488,99999, ,1994,04,13,59,38,52,49,0,16,0.93, ,0, ,0
215488,99999, ,1994,04,14,70,38,55,54,0,11,0.01, ,0, ,0
215488,99999, ,1994,04,15,71,40,44,56,0,9,0.61, ,0, ,0
215488,99999, ,1994,04,16,62,43,59,53,0,12,0, ,0, ,0
215488,99999, ,1994,04,17,72,47,62,60,0,5,0, ,0, ,0
215488,99999, ,1994,04,18,70,47,70,59,0,6,0, ,0, ,0
215488,99999, ,1994,04,19,87,44,56,66,1,0,0, ,0, ,0
215488,99999, ,1994,04,20,57,36,52,47,0,18,0, ,0, ,0
215488,99999, ,1994,04,21,61,42,57,52,0,13,0, ,0, ,0
215488,99999, ,1994,04,22,74,35,65,55,0,10,0, ,0, ,0
215488,99999, ,1994,04,23,76,50,74,63,0,2,0, ,0, ,0
215488,99999, ,1994,04,24,83,52,75,68,3,0,0, ,0, ,0
215488,99999, ,1994,04,25,75,54,57,65,0,0,1.13, ,0, ,0
215488,99999, ,1994,04,26,76,55,61,66,1,0,0.73, ,0, ,0
215488,99999, ,1994,04,27,78,38,43,58,0,7,0.40, ,0, ,0
215488,99999, ,1994,04,28,48,34,37,41,0,24,0, ,0, ,0
215488,99999, ,1994,04,29,46,34,43,40,0,25,0.51, ,9999.9,null,0
215488,99999, ,1994,04,30,48,37,46,43,0,22,0, ,0, ,0,50.2,62.1,38.2,87,21,5,439,5.26,2.0

215488,99999, ,1994,05,1,60,32,54,46,0,19,0, ,0, ,0
215488,99999, ,1994,05,2,67,39,60,53,0,12,0, ,0, ,0
215488,99999, ,1994,05,3,64,42,62,53,0,12,0, ,0, ,0
215488,99999, ,1994,05,4,63,53,55,58,0,7,0, ,0, ,0
215488,99999, ,1994,05,5,60,40,48,50,0,15,0.14, ,0, ,0
215488,99999, ,1994,05,6,65,39,57,52,0,13,0, ,0, ,0
215488,99999, ,1994,05,7,73,46,59,60,0,5,0.05, ,0, ,0
215488,99999, ,1994,05,8,72,45,67,59,0,6,0, ,0, ,0
215488,99999, ,1994,05,9,70,51,65,61,0,4,0, ,0, ,0
215488,99999, ,1994,05,10,76,40,75,58,0,7,0, ,0, ,0
215488,99999, ,1994,05,11,76,57,66,67,2,0,0.45, ,0, ,0
215488,99999, ,1994,05,12,80,48,75,64,0,1,0, ,0, ,0
215488,99999, ,1994,05,13,78,49,76,64,0,1,0, ,0, ,0
215488,99999, ,1994,05,14,78,58,59,68,3,0,0, ,0, ,0
215488,99999, ,1994,05,15,73,53,71,63,0,2,0.30, ,0, ,0
215488,99999, ,1994,05,16,75,50,68,63,0,2,0, ,0, ,0
215488,99999, ,1994,05,17,72,52,66,62,0,3,0, ,0, ,0
215488,99999, ,1994,05,18,82,50,79,66,1,0,0, ,0, ,0
215488,99999, ,1994,05,19,87,53,85,70,5,0,0, ,0, ,0
215488,99999, ,1994,05,20,88,55,85,72,7,0,0, ,0, ,0
215488,99999, ,1994,05,21,88,57,87,73,8,0,0, ,0, ,0
215488,99999, ,1994,05,22,92,62,82,77,12,0,0.05, ,0, ,0
215488,99999, ,1994,05,23,83,59,73,71,6,0,0, ,0, ,0
215488,99999, ,1994,05,24,82,55,72,69,4,0,0.51, ,0, ,0
215488,99999, ,1994,05,25,74,57,60,66,1,0,0, ,0, ,0
215488,99999, ,1994,05,26,68,47,66,58,0,7,0, ,0, ,0
215488,99999, ,1994,05,27,79,40,72,60,0,5,0, ,0, ,0
215488,99999, ,1994,05,28,76,55,81,66,1,0,0, ,0, ,0
215488,99999, ,1994,05,29,83,64,99999,74,9,0,0.01, ,0, ,0
215488,99999, ,1994,05,30,85,63,83,74,9,0,0, ,0, ,0
215488,99999, ,1994,05,31,84,64,78,74,9,0,0.12, ,0, ,0,63.4,75.9,50.8,92,32,77,121,1.63,0

215488,99999, ,1994,06,1,79,56,70,68,3,0,0, ,0, ,0
215488,99999, ,1994,06,2,79,52,72,66,1,0,0, ,0, ,0
215488,99999, ,1994,06,3,88,46,78,67,2,0,0, ,0, ,0
215488,99999, ,1994,06,4,86,52,84,69,4,0,0, ,0, ,0
215488,99999, ,1994,06,5,83,60,99999,72,7,0,0.10, ,0, ,0
215488,99999, ,1994,06,6,92,63,86,78,13,0,0.31, ,0, ,0
215488,99999, ,1994,06,7,85,61,99999,73,8,0,0, ,0, ,0
215488,99999, ,1994,06,8,76,46,72,61,0,4,0.64, ,0, ,0
215488,99999, ,1994,06,9,80,49,67,65,0,0,0, ,0, ,0
215488,99999, ,1994,06,10,84,58,63,71,6,0,0, ,0, ,0
215488,99999, ,1994,06,11,81,55,71,68,3,0,0.05, ,0, ,0
215488,99999, ,1994,06,12,90,58,78,74,9,0,0, ,0, ,0
215488,99999, ,1994,06,13,87,65,73,76,11,0,0.47, ,0, ,0
215488,99999, ,1994,06,14,92,69,90,81,16,0,0, ,0, ,0
215488,99999, ,1994,06,15,90,79,87,85,20,0,0, ,0, ,0
215488,99999, ,1994,06,16,90,78,88,84,19,0,0, ,0, ,0
215488,99999, ,1994,06,17,93,75,87,84,19,0,0, ,0, ,0
215488,99999, ,1994,06,18,92,72,72,82,17,0,0, ,0, ,0
215488,99999, ,1994,06,19,89,70,85,80,15,0,0.27, ,0, ,0
215488,99999, ,1994,06,20,92,71,82,82,17,0,0, ,0, ,0
215488,99999, ,1994,06,21,93,69,85,81,16,0,0.05, ,0, ,0
215488,99999, ,1994,06,22,88,62,78,75,10,0,0, ,0, ,0
215488,99999, ,1994,06,23,78,65,69,72,7,0,0.12, ,0, ,0
215488,99999, ,1994,06,24,88,63,80,76,11,0,0.49, ,0, ,0
215488,99999, ,1994,06,25,91,63,81,77,12,0,0, ,0, ,0
215488,99999, ,1994,06,26,85,61,78,73,8,0,0.15, ,0, ,0
215488,99999, ,1994,06,27,80,62,78,71,6,0,0, ,0, ,0
215488,99999, ,1994,06,28,80,67,77,74,9,0,0, ,0, ,0
215488,99999, ,1994,06,29,80,67,79,74,9,0,0.10, ,0, ,0
215488,99999, ,1994,06,30,83,64,80,74,9,0,0.10, ,0, ,0,74.2,85.8,62.6,93,46,287,4,2.85,0

215488,99999, ,1994,07,1,84,69,78,77,12,0,0, ,0, ,0
215488,99999, ,1994,07,2,78,58,77,68,3,0,0, ,0, ,0
215488,99999, ,1994,07,3,77,56,75,67,2,0,0, ,0, ,0
215488,99999, ,1994,07,4,80,68,78,74,9,0,0.10, ,0, ,0
215488,99999, ,1994,07,5,93,70,85,82,17,0,0.81, ,0, ,0
215488,99999, ,1994,07,6,86,68,70,77,12,0,0.54, ,0, ,0
215488,99999, ,1994,07,7,86,66,70,76,11,0,0.98, ,0, ,0
215488,99999, ,1994,07,8,70,61,66,66,1,0,1.19, ,0, ,0
215488,99999, ,1994,07,9,72,60,69,66,1,0,0.03, ,0, ,0
215488,99999, ,1994,07,10,80,54,80,67,2,0,0.02, ,0, ,0
215488,99999, ,1994,07,11,88,66,84,77,12,0,0.08, ,0, ,0
215488,99999, ,1994,07,12,84,67,72,76,11,0,0, ,0, ,0
215488,99999, ,1994,07,13,77,61,61,69,4,0,0, ,0, ,0
215488,99999, ,1994,07,14,73,58,63,66,1,0,0.29, ,0, ,0
215488,99999, ,1994,07,15,86,58,74,72,7,0,0.03, ,0, ,0
215488,99999, ,1994,07,16,74,65,67,70,5,0,0, ,0, ,0
215488,99999, ,1994,07,17,89,64,84,77,12,0,0.09, ,0, ,0
215488,99999, ,1994,07,18,86,62,73,74,9,0,0, ,0, ,0
215488,99999, ,1994,07,19,85,68,78,77,12,0,0, ,0, ,0
215488,99999, ,1994,07,20,83,64,80,74,9,0,0.04, ,0, ,0
215488,99999, ,1994,07,21,81,66,74,74,9,0,0, ,0, ,0
215488,99999, ,1994,07,22,84,67,83,76,11,0,0.37, ,0, ,0
215488,99999, ,1994,07,23,86,65,83,76,11,0,0, ,0, ,0
215488,99999, ,1994,07,24,85,61,77,73,8,0,0, ,0, ,0
215488,99999, ,1994,07,25,81,63,75,72,7,0,0, ,0, ,0
215488,99999, ,1994,07,26,76,61,71,69,4,0,0, ,0, ,0
215488,99999, ,1994,07,27,83,59,79,71,6,0,0, ,0, ,0
215488,99999, ,1994,07,28,88,58,78,73,8,0,0, ,0, ,0
215488,99999, ,1994,07,29,86,62,78,74,9,0,0, ,0, ,0
215488,99999, ,1994,07,30,83,63,79,73,8,0,0, ,0, ,0
215488,99999, ,1994,07,31,87,67,83,77,12,0,0, ,0, ,0,72.7,82.3,63.1,93,54,245,0,4.57,0

215488,99999, ,1994,08,1,90,66,83,78,13,0,0.05, ,0, ,0
215488,99999, ,1994,08,2,84,64,80,74,9,0,0, ,0, ,0
215488,99999, ,1994,08,3,89,70,70,80,15,0,0, ,0, ,0
215488,99999, ,1994,08,4,73,67,71,70,5,0,0.10, ,0, ,0
215488,99999, ,1994,08,5,78,49,72,64,0,1,0, ,0, ,0
215488,99999, ,1994,08,6,74,57,71,66,1,0,0, ,0, ,0
215488,99999, ,1994,08,7,81,59,78,70,5,0,0, ,0, ,0
215488,99999, ,1994,08,8,78,68,71,73,8,0,0, ,0, ,0
215488,99999, ,1994,08,9,71,52,60,62,0,3,0, ,0, ,0
215488,99999, ,1994,08,10,60,56,58,58,0,7,1.00, ,0, ,0
215488,99999, ,1994,08,11,78,57,70,68,3,0,2.68, ,0, ,0
215488,99999, ,1994,08,12,76,61,70,69,4,0,0, ,0, ,0
215488,99999, ,1994,08,13,82,69,73,76,11,0,0, ,0, ,0
215488,99999, ,1994,08,14,76,54,69,65,0,0,0, ,0, ,0
215488,99999, ,1994,08,15,84,51,71,68,3,0,0, ,0, ,0
215488,99999, ,1994,08,16,86,57,76,72,7,0,0, ,0, ,0
215488,99999, ,1994,08,17,79,63,75,71,6,0,0, ,0, ,0
215488,99999, ,1994,08,18,86,64,76,75,10,0,0.18, ,0, ,0
215488,99999, ,1994,08,19,84,64,76,74,9,0,0, ,0, ,0
215488,99999, ,1994,08,20,79,64,69,72,7,0,0.06, ,0, ,0
215488,99999, ,1994,08,21,83,57,70,70,5,0,0, ,0, ,0
215488,99999, ,1994,08,22,84,56,73,70,5,0,0, ,0, ,0
215488,99999, ,1994,08,23,83,63,79,73,8,0,0, ,0, ,0
215488,99999, ,1994,08,24,93,66,83,80,15,0,0, ,0, ,0
215488,99999, ,1994,08,25,91,65,77,78,13,0,0, ,0, ,0
215488,99999, ,1994,08,26,84,63,75,74,9,0,0.28, ,0, ,0
215488,99999, ,1994,08,27,87,69,83,78,13,0,0, ,0, ,0
215488,99999, ,1994,08,28,85,60,69,73,8,0,0, ,0, ,0
215488,99999, ,1994,08,29,83,55,69,69,4,0,0, ,0, ,0
215488,99999, ,1994,08,30,69,60,66,65,0,0,0, ,0, ,0
215488,99999, ,1994,08,31,73,56,62,65,0,0,0.90, ,0, ,0,70.7,80.7,60.7,93,49,196,11,5.25,0

215488,99999, ,1994,09,1,70,51,64,61,0,4,0, ,0, ,0
215488,99999, ,1994,09,2,64,54,58,59,0,6,0, ,0, ,0
215488,99999, ,1994,09,3,70,55,65,63,0,2,0.32, ,0, ,0
215488,99999, ,1994,09,4,66,58,58,62,0,3,0.03, ,0, ,0
215488,99999, ,1994,09,5,82,58,68,70,5,0,0.25, ,0, ,0
215488,99999, ,1994,09,6,78,56,68,67,2,0,0, ,0, ,0
215488,99999, ,1994,09,7,80,52,74,66,1,0,0, ,0, ,0
215488,99999, ,1994,09,8,83,60,75,72,7,0,0, ,0, ,0
215488,99999, ,1994,09,9,86,61,78,74,9,0,0, ,0, ,0
215488,99999, ,1994,09,10,89,62,78,76,11,0,0, ,0, ,0
215488,99999, ,1994,09,11,85,64,77,75,10,0,0, ,0, ,0
215488,99999, ,1994,09,12,77,67,75,72,7,0,0, ,0, ,0
215488,99999, ,1994,09,13,90,71,74,81,16,0,0.11, ,0, ,0
215488,99999, ,1994,09,14,84,68,80,76,11,0,1.31, ,0, ,0
215488,99999, ,1994,09,15,87,70,70,79,14,0,0.10, ,0, ,0
215488,99999, ,1994,09,16,73,61,64,67,2,0,0.30, ,0, ,0
215488,99999, ,1994,09,17,78,57,69,68,3,0,0.03, ,0, ,0
215488,99999, ,1994,09,18,80,57,71,69,4,0,0, ,0, ,0
215488,99999, ,1994,09,19,85,57,72,71,6,0,0, ,0, ,0
215488,99999, ,1994,09,20,79,60,68,70,5,0,0, ,0, ,0
215488,99999, ,1994,09,21,83,60,72,72,7,0,0.38, ,0, ,0
215488,99999, ,1994,09,22,73,60,60,67,2,0,0.10, ,0, ,0
215488,99999, ,1994,09,23,69,54,99999,62,0,3,0.32, ,0, ,0
215488,99999, ,1994,09,24,73,60,70,67,2,0,0.22, ,0, ,0
215488,99999, ,1994,09,25,77,56,56,67,2,0,0.02, ,0, ,0
215488,99999, ,1994,09,26,56,46,52,51,0,14,0.84, ,0, ,0
215488,99999, ,1994,09,27,60,40,59,50,0,15,0.05, ,0, ,0
215488,99999, ,1994,09,28,68,48,60,58,0,7,0, ,0, ,0
215488,99999, ,1994,09,29,73,45,64,59,0,6,0, ,0, ,0
215488,99999, ,1994,09,30,69,54,65,62,0,3,0, ,0, ,0,66.8,76.2,57.4,90,40,126,63,4.38,0


