COOPID,WBANID,Prelim,year,month,day,Tmax,Tmin,Tobs,Tmean,Cdd,Hdd,Prcp,Flag,Snow,Flag,Snwd,meanTmean,meanTmax,meanTmin,highTmax,lowTmin,sumCdd,sumHdd,sumprcp,sumsnow
215488,99999, ,2002,10,1, , , , , , ,0.02, ,0, ,0
215488,99999, ,2002,10,2, , , , , , ,0, ,0, ,0
215488,99999, ,2002,10,3, , , , , , ,0.16, ,0, ,0
215488,99999, ,2002,10,4, , , , , , ,1.10, ,0, ,0
215488,99999, ,2002,10,5, , , , , , ,0.04, ,0, ,0
215488,99999, ,2002,10,6, , , , , , ,0.31, ,0, ,0
215488,99999, ,2002,10,7, , , , , , ,0.02, ,0, ,0
215488,99999, ,2002,10,8, , , , , , ,0.01, ,0, ,0
215488,99999, ,2002,10,9, , , , , , ,0, ,0, ,0
215488,99999, ,2002,10,10, , , , , , ,0.45, ,0, ,0
215488,99999, ,2002,10,11, , , , , , ,0, ,0, ,0
215488,99999, ,2002,10,12, , , , , , ,0.03, ,0, ,0
215488,99999, ,2002,10,13, , , , , , ,0.27, ,0, ,0
215488,99999, ,2002,10,14, , , , , , ,0, ,0, ,0
215488,99999, ,2002,10,15, , , , , , ,0, ,0, ,0
215488,99999, ,2002,10,16, , , , , , ,0, ,0, ,0
215488,99999, ,2002,10,17, , , , , , ,0.01, ,0, ,0
215488,99999, ,2002,10,18, , , , , , ,0.20, ,0, ,0
215488,99999, ,2002,10,19, , , , , , ,0, ,0, ,0
215488,99999, ,2002,10,20, , , , , , ,0, ,0, ,0
215488,99999, ,2002,10,21, , , , , , ,0.29, ,0, ,0
215488,99999, ,2002,10,22, , , , , , ,0.13, ,0, ,0
215488,99999, ,2002,10,23, , , , , , ,0, ,0, ,0
215488,99999, ,2002,10,24, , , , , , ,0, ,0, ,0
215488,99999, ,2002,10,25, , , , , , ,0, ,0, ,0
215488,99999, ,2002,10,26, , , , , , ,0, ,0, ,0
215488,99999, ,2002,10,27, , , , , , ,0, ,0, ,0
215488,99999, ,2002,10,28, , , , , , ,0.04, ,0, ,0
215488,99999, ,2002,10,29, , , , , , ,0, ,0, ,0
215488,99999, ,2002,10,30, , , , , , ,0, ,0, ,0
215488,99999, ,2002,10,31, , , , , , ,0, ,0, ,0, , , , , , , ,3.08,0

215488,99999, ,2002,11,1, , , , , , ,0, ,0, ,0
215488,99999, ,2002,11,2, , , , , , ,0, ,0, ,0
215488,99999, ,2002,11,3, , , , , , ,0, ,0, ,0
215488,99999, ,2002,11,4, , , , , , ,0, ,0, ,0
215488,99999, ,2002,11,5, , , , , , ,0, ,0, ,0
215488,99999, ,2002,11,6, , , , , , ,0.05, ,0, ,0
215488,99999, ,2002,11,7, , , , , , ,0, ,0, ,0
215488,99999, ,2002,11,8, , , , , , ,0, ,0, ,0
215488,99999, ,2002,11,9, , , , , , ,0, ,0, ,0
215488,99999, ,2002,11,10, , , , , , ,0, ,0, ,0
215488,99999, ,2002,11,11, , , , , , ,0.02, ,0, ,0
215488,99999, ,2002,11,12, , , , , , ,0, ,0, ,0
215488,99999, ,2002,11,13, , , , , , ,0, ,0, ,0
215488,99999, ,2002,11,14, , , , , , ,0, ,0, ,0
215488,99999, ,2002,11,15, , , , , , ,0, ,0, ,0
215488,99999, ,2002,11,16, , , , , , ,0, ,0, ,0
215488,99999, ,2002,11,17, , , , , , ,0, ,0, ,0
215488,99999, ,2002,11,18, , , , , , ,0, ,0, ,0
215488,99999, ,2002,11,19, , , , , , ,0, ,0, ,0
215488,99999, ,2002,11,20, , , , , , ,0, ,0, ,0
215488,99999, ,2002,11,21, , , , , , ,0.02, ,0, ,0
215488,99999, ,2002,11,22, , , , , , ,0.06, ,0, ,0
215488,99999, ,2002,11,23, , , , , , ,0, ,0, ,0
215488,99999, ,2002,11,24, , , , , , ,0, ,0, ,0
215488,99999, ,2002,11,25, , , , , , ,0, ,0, ,0
215488,99999, ,2002,11,26, , , , , , ,0, ,0, ,0
215488,99999, ,2002,11,27, , , , , , ,0, ,0, ,0
215488,99999, ,2002,11,28, , , , , , ,0, ,0, ,0
215488,99999, ,2002,11,29, , , , , , ,0, ,0, ,0
215488,99999, ,2002,11,30, , , , , , ,T,null,0, ,0, , , , , , , ,0.15,0

215488,99999, ,2002,12,1, , , , , , ,0, ,0, ,0
215488,99999, ,2002,12,2, , , , , , ,0, ,0, ,0
215488,99999, ,2002,12,3, , , , , , ,0, ,0, ,0
215488,99999, ,2002,12,4, , , , , , ,0, ,0, ,0
215488,99999, ,2002,12,5, , , , , , ,0, ,0, ,0
215488,99999, ,2002,12,6, , , , , , ,0, ,0, ,0
215488,99999, ,2002,12,7, , , , , , ,0, ,0, ,0
215488,99999, ,2002,12,8, , , , , , ,0, ,0, ,0
215488,99999, ,2002,12,9, , , , , , ,0, ,0, ,0
215488,99999, ,2002,12,10, , , , , , ,0, ,0, ,0
215488,99999, ,2002,12,11, , , , , , ,0, ,0, ,0
215488,99999, ,2002,12,12, , , , , , ,0, ,0, ,0
215488,99999, ,2002,12,13, , , , , , ,0, ,0, ,0
215488,99999, ,2002,12,14, , , , , , ,0, ,0, ,0
215488,99999, ,2002,12,15, , , , , , ,0, ,0, ,0
215488,99999, ,2002,12,16, , , , , , ,0, ,0, ,0
215488,99999, ,2002,12,17, , , , , , ,0, ,0, ,0
215488,99999, ,2002,12,18, , , , , , ,0.24, ,0, ,0
215488,99999, ,2002,12,19, , , , , , ,0.33, ,0, ,0
215488,99999, ,2002,12,20, , , , , , ,0.03, ,0.2, ,0
215488,99999, ,2002,12,21, , , , , , ,0.01, ,T,null,0
215488,99999, ,2002,12,22, , , , , , ,0, ,0, ,0
215488,99999, ,2002,12,23, , , , , , ,0, ,0, ,0
215488,99999, ,2002,12,24, , , , , , ,0, ,0, ,0
215488,99999, ,2002,12,25, , , , , , ,0, ,0, ,0
215488,99999, ,2002,12,26, , , , , , ,0, ,0, ,0
215488,99999, ,2002,12,27, , , , , , ,0, ,0, ,0
215488,99999, ,2002,12,28, , , , , , ,0, ,0, ,0
215488,99999, ,2002,12,29, , , , , , ,0, ,0, ,0
215488,99999, ,2002,12,30, , , , , , ,0, ,0, ,0
215488,99999, ,2002,12,31, , , , , , ,0, ,0, ,0, , , , , , , ,0.61,0.2

215488,99999, ,2003,01,1, , , , , , ,0, ,0, ,0
215488,99999, ,2003,01,2, , , , , , ,0, ,0, ,0
215488,99999, ,2003,01,3, , , , , , ,0, ,0, ,0
215488,99999, ,2003,01,4, , , , , , ,0, ,0, ,0
215488,99999, ,2003,01,5, , , , , , ,0.01, ,9999.9,null,0
215488,99999, ,2003,01,6, , , , , , ,0, ,0, ,0
215488,99999, ,2003,01,7, , , , , , ,0, ,0, ,0
215488,99999, ,2003,01,8, , , , , , ,0, ,0, ,0
215488,99999, ,2003,01,9, , , , , , ,0, ,0, ,0
215488,99999, ,2003,01,10, , , , , , ,0.03, ,0.5, ,99999
215488,99999, ,2003,01,11, , , , , , ,0, ,0, ,99999
215488,99999, ,2003,01,12, , , , , , ,0, ,0, ,0
215488,99999, ,2003,01,13, , , , , , ,0, ,0, ,0
215488,99999, ,2003,01,14, , , , , , ,0.05, ,0.5, ,1
215488,99999, ,2003,01,15, , , , , , ,0, ,0, ,99999
215488,99999, ,2003,01,16, , , , , , ,0, ,0, ,99999
215488,99999, ,2003,01,17, , , , , , ,0, ,0, ,0
215488,99999, ,2003,01,18, , , , , , ,T,null,T,null,1
215488,99999, ,2003,01,19, , , , , , ,0, ,0, ,99999
215488,99999, ,2003,01,20, , , , , , ,0, ,0, ,99999
215488,99999, ,2003,01,21, , , , , , ,0, ,0, ,0
215488,99999, ,2003,01,22, , , , , , ,0, ,0, ,0
215488,99999, ,2003,01,23, , , , , , ,0, ,0, ,0
215488,99999, ,2003,01,24, , , , , , ,0, ,0, ,0
215488,99999, ,2003,01,25, , , , , , ,999.99,null,T,null,0
215488,99999, ,2003,01,26, , , , , , ,0.01, ,T,null,0
215488,99999, ,2003,01,27, , , , , , ,0, ,0, ,0
215488,99999, ,2003,01,28, , , , , , ,0, ,0, ,0
215488,99999, ,2003,01,29, , , , , , ,0.08, ,1.5, ,2
215488,99999, ,2003,01,30, , , , , , ,0, ,0, ,2
215488,99999, ,2003,01,31, , , , , , ,0.06, ,1.0, ,3, , , , , , , ,0.24,3.5

215488,99999, ,2003,02,1, , , , , , ,0, ,0, ,3
215488,99999, ,2003,02,2, , , , , , ,0, ,0, ,2
215488,99999, ,2003,02,3, , , , , , ,0.35, ,0, ,1
215488,99999, ,2003,02,4, , , , , , ,0.10, ,0, ,1
215488,99999, ,2003,02,5, , , , , , ,0, ,0, ,1
215488,99999, ,2003,02,6, , , , , , ,0.07, ,1.5, ,3
215488,99999, ,2003,02,7, , , , , , ,0, ,0, ,3
215488,99999, ,2003,02,8, , , , , , ,0, ,0, ,3
215488,99999, ,2003,02,9, , , , , , ,0, ,0, ,3
215488,99999, ,2003,02,10, , , , , , ,0.05, ,1.4, ,4
215488,99999, ,2003,02,11, , , , , , ,0, ,0, ,4
215488,99999, ,2003,02,12, , , , , , ,0.02, ,T,null,4
215488,99999, ,2003,02,13, , , , , , ,0, ,0, ,4
215488,99999, ,2003,02,14, , , , , , ,0, ,0, ,4
215488,99999, ,2003,02,15, , , , , , ,0.02, ,0.3, ,4
215488,99999, ,2003,02,16, , , , , , ,0, ,0, ,4
215488,99999, ,2003,02,17, , , , , , ,0, ,0, ,4
215488,99999, ,2003,02,18, , , , , , ,0, ,0, ,4
215488,99999, ,2003,02,19, , , , , , ,0, ,0, ,4
215488,99999, ,2003,02,20, , , , , , ,0, ,0, ,4
215488,99999, ,2003,02,21, , , , , , ,0, ,0, ,3
215488,99999, ,2003,02,22, , , , , , ,0.17, ,T,null,3
215488,99999, ,2003,02,23, , , , , , ,0, ,0, ,2
215488,99999, ,2003,02,24, , , , , , ,0.12, ,T,null,2
215488,99999, ,2003,02,25, , , , , , ,0, ,0, ,2
215488,99999, ,2003,02,26, , , , , , ,0, ,0, ,2
215488,99999, ,2003,02,27, , , , , , ,0, ,0, ,1
215488,99999, ,2003,02,28, , , , , , ,0, ,0, ,0, , , , , , , ,0.90,3.2

215488,99999, ,2003,03,1, , , , , , ,0, ,0, ,0
215488,99999, ,2003,03,2, , , , , , ,0, ,0, ,0
215488,99999, ,2003,03,3, , , , , , ,0, ,0, ,0
215488,99999, ,2003,03,4, , , , , , ,0.05, ,2.0, ,2
215488,99999, ,2003,03,5, , , , , , ,0.03, ,1.0, ,3
215488,99999, ,2003,03,6, , , , , , ,0, ,0, ,3
215488,99999, ,2003,03,7, , , , , , ,0.02, ,0.4, ,3
215488,99999, ,2003,03,8, , , , , , ,0.03, ,0.4, ,3
215488,99999, ,2003,03,9, , , , , , ,0.18, ,2.0, ,5
215488,99999, ,2003,03,10, , , , , , ,0, ,0, ,99999
215488,99999, ,2003,03,11, , , , , , ,0, ,0, ,5
215488,99999, ,2003,03,12, , , , , , ,0, ,0, ,4
215488,99999, ,2003,03,13, , , , , , ,0.03, ,0.2, ,3
215488,99999, ,2003,03,14, , , , , , ,0, ,0, ,2
215488,99999, ,2003,03,15, , , , , , ,0, ,0, ,0
215488,99999, ,2003,03,16, , , , , , ,0, ,0, ,0
215488,99999, ,2003,03,17, , , , , , ,0.14, ,0, ,0
215488,99999, ,2003,03,18, , , , , , ,0, ,0, ,0
215488,99999, ,2003,03,19, , , , , , ,0, ,0, ,0
215488,99999, ,2003,03,20, , , , , , ,0.18, ,0, ,0
215488,99999, ,2003,03,21, , , , , , ,0.08, ,0, ,0
215488,99999, ,2003,03,22, , , , , , ,0.17, ,0, ,0
215488,99999, ,2003,03,23, , , , , , ,0, ,0, ,0
215488,99999, ,2003,03,24, , , , , , ,0, ,0, ,0
215488,99999, ,2003,03,25, , , , , , ,0, ,0, ,0
215488,99999, ,2003,03,26, , , , , , ,0.01, ,0, ,0
215488,99999, ,2003,03,27, , , , , , ,0.15, ,0, ,0
215488,99999, ,2003,03,28, , , , , , ,1.20, ,0, ,0
215488,99999, ,2003,03,29, , , , , , ,0.08, ,0, ,0
215488,99999, ,2003,03,30, , , , , , ,0, ,0, ,0
215488,99999, ,2003,03,31, , , , , , ,0, ,0, ,0, , , , , , , ,2.35,6.0

215488,99999, ,2003,04,1, , , , , , ,0, ,0, ,0
215488,99999, ,2003,04,2, , , , , , ,0, ,0, ,0
215488,99999, ,2003,04,3, , , , , , ,0, ,0, ,0
215488,99999, ,2003,04,4, , , , , , ,0, ,0, ,0
215488,99999, ,2003,04,5, , , , , , ,0.12, ,0, ,0
215488,99999, ,2003,04,6, , , , , , ,0, ,0, ,0
215488,99999, ,2003,04,7, , , , , , ,0, ,0, ,0
215488,99999, ,2003,04,8, , , , , , ,0.09, ,0.4, ,T
215488,99999, ,2003,04,9, , , , , , ,0, ,0, ,0
215488,99999, ,2003,04,10, , , , , , ,0, ,0, ,0
215488,99999, ,2003,04,11, , , , , , ,0, ,0, ,0
215488,99999, ,2003,04,12, , , , , , ,0, ,0, ,0
215488,99999, ,2003,04,13, , , , , , ,0, ,0, ,0
215488,99999, ,2003,04,14, , , , , , ,0, ,0, ,0
215488,99999, ,2003,04,15, , , , , , ,0, ,0, ,0
215488,99999, ,2003,04,16, , , , , , ,1.24, ,0, ,0
215488,99999, ,2003,04,17, , , , , , ,0.63, ,0, ,0
215488,99999, ,2003,04,18, , , , , , ,0.03, ,0, ,0
215488,99999, ,2003,04,19, , , , , , ,0.34, ,0, ,0
215488,99999, ,2003,04,20, , , , , , ,0.70, ,0, ,0
215488,99999, ,2003,04,21, , , , , , ,0.08, ,0, ,0
215488,99999, ,2003,04,22, , , , , , ,0.02, ,0, ,0
215488,99999, ,2003,04,23, , , , , , ,0, ,0, ,0
215488,99999, ,2003,04,24, , , , , , ,0, ,0, ,0
215488,99999, ,2003,04,25, , , , , , ,0, ,0, ,0
215488,99999, ,2003,04,26, , , , , , ,0, ,0, ,0
215488,99999, ,2003,04,27, , , , , , ,0, ,0, ,0
215488,99999, ,2003,04,28, , , , , , ,0, ,0, ,0
215488,99999, ,2003,04,29, , , , , , ,0, ,0, ,0
215488,99999, ,2003,04,30, , , , , , ,0, ,0, ,0, , , , , , , ,3.25,0.4

215488,99999, ,2003,05,1, , , , , , ,0, ,0, ,0
215488,99999, ,2003,05,2, , , , , , ,0, ,0, ,0
215488,99999, ,2003,05,3, , , , , , ,0, ,0, ,0
215488,99999, ,2003,05,4, , , , , , ,0, ,0, ,0
215488,99999, ,2003,05,5, , , , , , ,0.91, ,0, ,0
215488,99999, ,2003,05,6, , , , , , ,0.22, ,0, ,0
215488,99999, ,2003,05,7, , , , , , ,0.09, ,0, ,0
215488,99999, ,2003,05,8, , , , , , ,0.12, ,0, ,0
215488,99999, ,2003,05,9, , , , , , ,0.56, ,0, ,0
215488,99999, ,2003,05,10, , , , , , ,0, ,0, ,0
215488,99999, ,2003,05,11, , , , , , ,1.52, ,0, ,0
215488,99999, ,2003,05,12, , , , , , ,0.43, ,0, ,0
215488,99999, ,2003,05,13, , , , , , ,0, ,0, ,0
215488,99999, ,2003,05,14, , , , , , ,0.11, ,0, ,0
215488,99999, ,2003,05,15, , , , , , ,0.28, ,0, ,0
215488,99999, ,2003,05,16, , , , , , ,0, ,0, ,0
215488,99999, ,2003,05,17, , , , , , ,0, ,0, ,0
215488,99999, ,2003,05,18, , , , , , ,0, ,0, ,0
215488,99999, ,2003,05,19, , , , , , ,0, ,0, ,0
215488,99999, ,2003,05,20, , , , , , ,0.20, ,0, ,0
215488,99999, ,2003,05,21, , , , , , ,0, ,0, ,0
215488,99999, ,2003,05,22, , , , , , ,0, ,0, ,0
215488,99999, ,2003,05,23, , , , , , ,0.02, ,0, ,0
215488,99999, ,2003,05,24, , , , , , ,0, ,0, ,0
215488,99999, ,2003,05,25, , , , , , ,0, ,0, ,0
215488,99999, ,2003,05,26, , , , , , ,0, ,0, ,0
215488,99999, ,2003,05,27, , , , , , ,0, ,0, ,0
215488,99999, ,2003,05,28, , , , , , ,0.09, ,0, ,0
215488,99999, ,2003,05,29, , , , , , ,0, ,0, ,0
215488,99999, ,2003,05,30, , , , , , ,0.34, ,0, ,0
215488,99999, ,2003,05,31, , , , , , ,0.18, ,0, ,0, , , , , , , ,5.07,0

215488,99999, ,2003,06,1, , , , , , ,0, ,0, ,0
215488,99999, ,2003,06,2, , , , , , ,0, ,0, ,0
215488,99999, ,2003,06,3, , , , , , ,0, ,0, ,0
215488,99999, ,2003,06,4, , , , , , ,0, ,0, ,0
215488,99999, ,2003,06,5, , , , , , ,0, ,0, ,0
215488,99999, ,2003,06,6, , , , , , ,0.05, ,0, ,0
215488,99999, ,2003,06,7, , , , , , ,0.75, ,0, ,0
215488,99999, ,2003,06,8, , , , , , ,0.50, ,0, ,0
215488,99999, ,2003,06,9, , , , , , ,0.52, ,0, ,0
215488,99999, ,2003,06,10, , , , , , ,0.55, ,0, ,0
215488,99999, ,2003,06,11, , , , , , ,0, ,0, ,0
215488,99999, ,2003,06,12, , , , , , ,0, ,0, ,0
215488,99999, ,2003,06,13, , , , , , ,0, ,0, ,0
215488,99999, ,2003,06,14, , , , , , ,0, ,0, ,0
215488,99999, ,2003,06,15, , , , , , ,0, ,0, ,0
215488,99999, ,2003,06,16, , , , , , ,0, ,0, ,0
215488,99999, ,2003,06,17, , , , , , ,0, ,0, ,0
215488,99999, ,2003,06,18, , , , , , ,0, ,0, ,0
215488,99999, ,2003,06,19, , , , , , ,0, ,0, ,0
215488,99999, ,2003,06,20, , , , , , ,0, ,0, ,0
215488,99999, ,2003,06,21, , , , , , ,0, ,0, ,0
215488,99999, ,2003,06,22, , , , , , ,0, ,0, ,0
215488,99999, ,2003,06,23, , , , , , ,0, ,0, ,0
215488,99999, ,2003,06,24, , , , , , ,0.91, ,0, ,0
215488,99999, ,2003,06,25, , , , , , ,0.06, ,0, ,0
215488,99999, ,2003,06,26, , , , , , ,0.35, ,0, ,0
215488,99999, ,2003,06,27, , , , , , ,0.02, ,0, ,0
215488,99999, ,2003,06,28, , , , , , ,0.10, ,0, ,0
215488,99999, ,2003,06,29, , , , , , ,0.09, ,0, ,0
215488,99999, ,2003,06,30, , , , , , ,0, ,0, ,0, , , , , , , ,3.90,0

215488,99999, ,2003,07,1, , , , , , ,0, ,0, ,0
215488,99999, ,2003,07,2, , , , , , ,0, ,0, ,0
215488,99999, ,2003,07,3, , , , , , ,1.18, ,0, ,0
215488,99999, ,2003,07,4, , , , , , ,0.62, ,0, ,0
215488,99999, ,2003,07,5, , , , , , ,0.04, ,0, ,0
215488,99999, ,2003,07,6, , , , , , ,0, ,0, ,0
215488,99999, ,2003,07,7, , , , , , ,0.51, ,0, ,0
215488,99999, ,2003,07,8, , , , , , ,0, ,0, ,0
215488,99999, ,2003,07,9, , , , , , ,0.09, ,0, ,0
215488,99999, ,2003,07,10, , , , , , ,0.05, ,0, ,0
215488,99999, ,2003,07,11, , , , , , ,0.06, ,0, ,0
215488,99999, ,2003,07,12, , , , , , ,0.09, ,0, ,0
215488,99999, ,2003,07,13, , , , , , ,0, ,0, ,0
215488,99999, ,2003,07,14, , , , , , ,0, ,0, ,0
215488,99999, ,2003,07,15, , , , , , ,0, ,0, ,0
215488,99999, ,2003,07,16, , , , , , ,0, ,0, ,0
215488,99999, ,2003,07,17, , , , , , ,0, ,0, ,0
215488,99999, ,2003,07,18, , , , , , ,0, ,0, ,0
215488,99999, ,2003,07,19, , , , , , ,0, ,0, ,0
215488,99999, ,2003,07,20, , , , , , ,0, ,0, ,0
215488,99999, ,2003,07,21, , , , , , ,0.15, ,0, ,0
215488,99999, ,2003,07,22, , , , , , ,0, ,0, ,0
215488,99999, ,2003,07,23, , , , , , ,0, ,0, ,0
215488,99999, ,2003,07,24, , , , , , ,0, ,0, ,0
215488,99999, ,2003,07,25, , , , , , ,0, ,0, ,0
215488,99999, ,2003,07,26, , , , , , ,0, ,0, ,0
215488,99999, ,2003,07,27, , , , , , ,0, ,0, ,0
215488,99999, ,2003,07,28, , , , , , ,0, ,0, ,0
215488,99999, ,2003,07,29, , , , , , ,0, ,0, ,0
215488,99999, ,2003,07,30, , , , , , ,0, ,0, ,0
215488,99999, ,2003,07,31, , , , , , ,0, ,0, ,0, , , , , , , ,2.79,0

215488,99999, ,2003,08,1, , , , , , ,0.49, ,0, ,0
215488,99999, ,2003,08,2, , , , , , ,0, ,0, ,0
215488,99999, ,2003,08,3, , , , , , ,0.07, ,0, ,0
215488,99999, ,2003,08,4, , , , , , ,0.15, ,0, ,0
215488,99999, ,2003,08,5, , , , , , ,0, ,0, ,0
215488,99999, ,2003,08,6, , , , , , ,0, ,0, ,0
215488,99999, ,2003,08,7, , , , , , ,0, ,0, ,0
215488,99999, ,2003,08,8, , , , , , ,0, ,0, ,0
215488,99999, ,2003,08,9, , , , , , ,0, ,0, ,0
215488,99999, ,2003,08,10, , , , , , ,0, ,0, ,0
215488,99999, ,2003,08,11, , , , , , ,0, ,0, ,0
215488,99999, ,2003,08,12, , , , , , ,0, ,0, ,0
215488,99999, ,2003,08,13, , , , , , ,0, ,0, ,0
215488,99999, ,2003,08,14, , , , , , ,0, ,0, ,0
215488,99999, ,2003,08,15, , , , , , ,0, ,0, ,0
215488,99999, ,2003,08,16, , , , , , ,0, ,0, ,0
215488,99999, ,2003,08,17, , , , , , ,0, ,0, ,0
215488,99999, ,2003,08,18, , , , , , ,0, ,0, ,0
215488,99999, ,2003,08,19, , , , , , ,0, ,0, ,0
215488,99999, ,2003,08,20, , , , , , ,0, ,0, ,0
215488,99999, ,2003,08,21, , , , , , ,0, ,0, ,0
215488,99999, ,2003,08,22, , , , , , ,0, ,0, ,0
215488,99999, ,2003,08,23, , , , , , ,0, ,0, ,0
215488,99999, ,2003,08,24, , , , , , ,0, ,0, ,0
215488,99999, ,2003,08,25, , , , , , ,0, ,0, ,0
215488,99999, ,2003,08,26, , , , , , ,0.25, ,0, ,0
215488,99999, ,2003,08,27, , , , , , ,0, ,0, ,0
215488,99999, ,2003,08,28, , , , , , ,0, ,0, ,0
215488,99999, ,2003,08,29, , , , , , ,0, ,0, ,0
215488,99999, ,2003,08,30, , , , , , ,0, ,0, ,0
215488,99999, ,2003,08,31, , , , , , ,0, ,0, ,0, , , , , , , ,0.96,0

215488,99999, ,2003,09,1, , , , , , ,0, ,0, ,0
215488,99999, ,2003,09,2, , , , , , ,0, ,0, ,0
215488,99999, ,2003,09,3, , , , , , ,0, ,0, ,0
215488,99999, ,2003,09,4, , , , , , ,0, ,0, ,0
215488,99999, ,2003,09,5, , , , , , ,0, ,0, ,0
215488,99999, ,2003,09,6, , , , , , ,0, ,0, ,0
215488,99999, ,2003,09,7, , , , , , ,0, ,0, ,0
215488,99999, ,2003,09,8, , , , , , ,0, ,0, ,0
215488,99999, ,2003,09,9, , , , , , ,0, ,0, ,0
215488,99999, ,2003,09,10, , , , , , ,0, ,0, ,0
215488,99999, ,2003,09,11, , , , , , ,0, ,0, ,0
215488,99999, ,2003,09,12, , , , , , ,0.18, ,0, ,0
215488,99999, ,2003,09,13, , , , , , ,0.48, ,0, ,0
215488,99999, ,2003,09,14, , , , , , ,0.03, ,0, ,0
215488,99999, ,2003,09,15, , , , , , ,0, ,0, ,0
215488,99999, ,2003,09,16, , , , , , ,0, ,0, ,0
215488,99999, ,2003,09,17, , , , , , ,0, ,0, ,0
215488,99999, ,2003,09,18, , , , , , ,0, ,0, ,0
215488,99999, ,2003,09,19, , , , , , ,1.82, ,0, ,0
215488,99999, ,2003,09,20, , , , , , ,0, ,0, ,0
215488,99999, ,2003,09,21, , , , , , ,0, ,0, ,0
215488,99999, ,2003,09,22, , , , , , ,0.09, ,0, ,0
215488,99999, ,2003,09,23, , , , , , ,0, ,0, ,0
215488,99999, ,2003,09,24, , , , , , ,0, ,0, ,0
215488,99999, ,2003,09,25, , , , , , ,0, ,0, ,0
215488,99999, ,2003,09,26, , , , , , ,0, ,0, ,0
215488,99999, ,2003,09,27, , , , , , ,0.05, ,0, ,0
215488,99999, ,2003,09,28, , , , , , ,0.05, ,0, ,0
215488,99999, ,2003,09,29, , , , , , ,0, ,0, ,0
215488,99999, ,2003,09,30, , , , , , ,0.03, ,0, ,0, , , , , , , ,2.73,0

215488,99999, ,2003,10,1, , , , , , ,0, ,0, ,0
215488,99999, ,2003,10,2, , , , , , ,0, ,0, ,0
215488,99999, ,2003,10,3, , , , , , ,0.05, ,0, ,0
215488,99999, ,2003,10,4, , , , , , ,0, ,0, ,0
215488,99999, ,2003,10,5, , , , , , ,0, ,0, ,0
215488,99999, ,2003,10,6, , , , , , ,0, ,0, ,0
215488,99999, ,2003,10,7, , , , , , ,0, ,0, ,0
215488,99999, ,2003,10,8, , , , , , ,0, ,0, ,0
215488,99999, ,2003,10,9, , , , , , ,0, ,0, ,0
215488,99999, ,2003,10,10, , , , , , ,0, ,0, ,0
215488,99999, ,2003,10,11, , , , , , ,0, ,0, ,0
215488,99999, ,2003,10,12, , , , , , ,0.53, ,0, ,0
215488,99999, ,2003,10,13, , , , , , ,0, ,0, ,0
215488,99999, ,2003,10,14, , , , , , ,0.02, ,0, ,0
215488,99999, ,2003,10,15, , , , , , ,0, ,0, ,0
215488,99999, ,2003,10,16, , , , , , ,0, ,0, ,0
215488,99999, ,2003,10,17, , , , , , ,0, ,0, ,0
215488,99999, ,2003,10,18, , , , , , ,0, ,0, ,0
215488,99999, ,2003,10,19, , , , , , ,0, ,0, ,0
215488,99999, ,2003,10,20, , , , , , ,0, ,0, ,0
215488,99999, ,2003,10,21, , , , , , ,0, ,0, ,0
215488,99999, ,2003,10,22, , , , , , ,0, ,0, ,0
215488,99999, ,2003,10,23, , , , , , ,0, ,0, ,0
215488,99999, ,2003,10,24, , , , , , ,0, ,0, ,0
215488,99999, ,2003,10,25, , , , , , ,0.03, ,0, ,0
215488,99999, ,2003,10,26, , , , , , ,0.10, ,0, ,0
215488,99999, ,2003,10,27, , , , , , ,0, ,0, ,0
215488,99999, ,2003,10,28, , , , , , ,0.18, ,0, ,0
215488,99999, ,2003,10,29, , , , , , ,0.15, ,0, ,0
215488,99999, ,2003,10,30, , , , , , ,0.09, ,0, ,0
215488,99999, ,2003,10,31, , , , , , ,0.03, ,0, ,0, , , , , , , ,1.18,0

215488,99999, ,2003,11,1, , , , , , ,0, ,0, ,0
215488,99999, ,2003,11,2, , , , , , ,0, ,0, ,0
215488,99999, ,2003,11,3, , , , , , ,0, ,0, ,0
215488,99999, ,2003,11,4, , , , , , ,0.74, ,0, ,0
215488,99999, ,2003,11,5, , , , , , ,0.11, ,0, ,0
215488,99999, ,2003,11,6, , , , , , ,0, ,0, ,0
215488,99999, ,2003,11,7, , , , , , ,0, ,0, ,0
215488,99999, ,2003,11,8, , , , , , ,0, ,0, ,0
215488,99999, ,2003,11,9, , , , , , ,0, ,0, ,0
215488,99999, ,2003,11,10, , , , , , ,0, ,0, ,0
215488,99999, ,2003,11,11, , , , , , ,0.03, ,0, ,0
215488,99999, ,2003,11,12, , , , , , ,0, ,0, ,0
215488,99999, ,2003,11,13, , , , , , ,0.50, ,0, ,0
215488,99999, ,2003,11,14, , , , , , ,0, ,0, ,0
215488,99999, ,2003,11,15, , , , , , ,0, ,0, ,0
215488,99999, ,2003,11,16, , , , , , ,0.08, ,0, ,0
215488,99999, ,2003,11,17, , , , , , ,0.02, ,0, ,0
215488,99999, ,2003,11,18, , , , , , ,0.39, ,0, ,0
215488,99999, ,2003,11,19, , , , , , ,0.03, ,0, ,0
215488,99999, ,2003,11,20, , , , , , ,0, ,0, ,0
215488,99999, ,2003,11,21, , , , , , ,0, ,0, ,0
215488,99999, ,2003,11,22, , , , , , ,0, ,0, ,0
215488,99999, ,2003,11,23, , , , , , ,0.13, ,0, ,0
215488,99999, ,2003,11,24, , , , , , ,0.28, ,1.0, ,1
215488,99999, ,2003,11,25, , , , , , ,0, ,0, ,1
215488,99999, ,2003,11,26, , , , , , ,0, ,0, ,0
215488,99999, ,2003,11,27, , , , , , ,0, ,0, ,0
215488,99999, ,2003,11,28, , , , , , ,0, ,0, ,0
215488,99999, ,2003,11,29, , , , , , ,0, ,0, ,0
215488,99999, ,2003,11,30, , , , , , ,0, ,0, ,0, , , , , , , ,2.31,1.0

215488,99999, ,2003,12,1, , , , , , ,0, ,0, ,0
215488,99999, ,2003,12,2, , , , , , ,0, ,0, ,0
215488,99999, ,2003,12,3, , , , , , ,0, ,0, ,0
215488,99999, ,2003,12,4, , , , , , ,0, ,0, ,0
215488,99999, ,2003,12,5, , , , , , ,0.12, ,1.0, ,1
215488,99999, ,2003,12,6, , , , , , ,0, ,0, ,0
215488,99999, ,2003,12,7, , , , , , ,0, ,0, ,0
215488,99999, ,2003,12,8, , , , , , ,0, ,0, ,0
215488,99999, ,2003,12,9, , , , , , ,0.15, ,0, ,0
215488,99999, ,2003,12,10, , , , , , ,0.49, ,1.0, ,1
215488,99999, ,2003,12,11, , , , , , ,0, ,0, ,1
215488,99999, ,2003,12,12, , , , , , ,0, ,0, ,1
215488,99999, ,2003,12,13, , , , , , ,0, ,0, ,1
215488,99999, ,2003,12,14, , , , , , ,0, ,0, ,1
215488,99999, ,2003,12,15, , , , , , ,0, ,0, ,1
215488,99999, ,2003,12,16, , , , , , ,0.04, ,0.5, ,1
215488,99999, ,2003,12,17, , , , , , ,0, ,0, ,1
215488,99999, ,2003,12,18, , , , , , ,T,null,T,null,1
215488,99999, ,2003,12,19, , , , , , ,0.03, ,T,null,1
215488,99999, ,2003,12,20, , , , , , ,0, ,0, ,1
215488,99999, ,2003,12,21, , , , , , ,0, ,0, ,1
215488,99999, ,2003,12,22, , , , , , ,0, ,0, ,1
215488,99999, ,2003,12,23, , , , , , ,0, ,0, ,1
215488,99999, ,2003,12,24, , , , , , ,0, ,0, ,1
215488,99999, ,2003,12,25, , , , , , ,0, ,0, ,1
215488,99999, ,2003,12,26, , , , , , ,0, ,0, ,0
215488,99999, ,2003,12,27, , , , , , ,0, ,0, ,0
215488,99999, ,2003,12,28, , , , , , ,0.02, ,0, ,0
215488,99999, ,2003,12,29, , , , , , ,0, ,0, ,0
215488,99999, ,2003,12,30, , , , , , ,0.03, ,T,null,T
215488,99999, ,2003,12,31, , , , , , ,0, ,0, ,0, , , , , , , ,0.88,2.5

215488,99999, ,2004,01,1, , , , , , ,0, ,0, ,0
215488,99999, ,2004,01,2, , , , , , ,0, ,0, ,0
215488,99999, ,2004,01,3, , , , , , ,0.01, ,0, ,0
215488,99999, ,2004,01,4, , , , , , ,0, ,0, ,0
215488,99999, ,2004,01,5, , , , , , ,0, ,0, ,0
215488,99999, ,2004,01,6, , , , , , ,0, ,0, ,0
215488,99999, ,2004,01,7, , , , , , ,0, ,0, ,0
215488,99999, ,2004,01,8, , , , , , ,0, ,0, ,0
215488,99999, ,2004,01,9, , , , , , ,0, ,0, ,0
215488,99999, ,2004,01,10, , , , , , ,0, ,0, ,0
215488,99999, ,2004,01,11, , , , , , ,0, ,0, ,0
215488,99999, ,2004,01,12, , , , , , ,T,null,0, ,0
215488,99999, ,2004,01,13, , , , , , ,0, ,0, ,0
215488,99999, ,2004,01,14, , , , , , ,0, ,0, ,0
215488,99999, ,2004,01,15, , , , , , ,0, ,0, ,0
215488,99999, ,2004,01,16, , , , , , ,0, ,0, ,0
215488,99999, ,2004,01,17, , , , , , ,T,null,0, ,0
215488,99999, ,2004,01,18, , , , , , ,0, ,0, ,0
215488,99999, ,2004,01,19, , , , , , ,0, ,0, ,0
215488,99999, ,2004,01,20, , , , , , ,0, ,0, ,0
215488,99999, ,2004,01,21, , , , , , ,T,null,T,null,0
215488,99999, ,2004,01,22, , , , , , ,0, ,0, ,0
215488,99999, ,2004,01,23, , , , , , ,T,null,T,null,0
215488,99999, ,2004,01,24, , , , , , ,0.10, ,2.0, ,2
215488,99999, ,2004,01,25, , , , , , ,0, ,0, ,2
215488,99999, ,2004,01,26, , , , , , ,0, ,0, ,2
215488,99999, ,2004,01,27, , , , , , ,0.20, ,6.0, ,8
215488,99999, ,2004,01,28, , , , , , ,0.03, ,0.2, ,8
215488,99999, ,2004,01,29, , , , , , ,0, ,0, ,6
215488,99999, ,2004,01,30, , , , , , ,0, ,0, ,5
215488,99999, ,2004,01,31, , , , , , ,0, ,0, ,5, , , , , , , ,0.34,8.2

215488,99999, ,2004,02,1, , , , , , ,0.01, ,0.1, ,9
215488,99999, ,2004,02,2, , , , , , ,0.21, ,4.0, ,8
215488,99999, ,2004,02,3, , , , , , ,0.26, ,4.0, ,12
215488,99999, ,2004,02,4, , , , , , ,0, ,0, ,10
215488,99999, ,2004,02,5, , , , , , ,0, ,0, ,9
215488,99999, ,2004,02,6, , , , , , ,0.09, ,2.0, ,11
215488,99999, ,2004,02,7, , , , , , ,0.03, ,0.4, ,11
215488,99999, ,2004,02,8, , , , , , ,0, ,0, ,10
215488,99999, ,2004,02,9, , , , , , ,0.05, ,1.0, ,11
215488,99999, ,2004,02,10, , , , , , ,0, ,0, ,11
215488,99999, ,2004,02,11, , , , , , ,0.01, ,0.1, ,11
215488,99999, ,2004,02,12, , , , , , ,0, ,0, ,11
215488,99999, ,2004,02,13, , , , , , ,0, ,0, ,11
215488,99999, ,2004,02,14, , , , , , ,0, ,0, ,11
215488,99999, ,2004,02,15, , , , , , ,0, ,0, ,11
215488,99999, ,2004,02,16, , , , , , ,0, ,0, ,11
215488,99999, ,2004,02,17, , , , , , ,0, ,0, ,9
215488,99999, ,2004,02,18, , , , , , ,0, ,0, ,9
215488,99999, ,2004,02,19, , , , , , ,0, ,0, ,9
215488,99999, ,2004,02,20, , , , , , ,0.23, ,0.5, ,8
215488,99999, ,2004,02,21, , , , , , ,0.28, ,1.0, ,7
215488,99999, ,2004,02,22, , , , , , ,0, ,0, ,7
215488,99999, ,2004,02,23, , , , , , ,0.10, ,0, ,7
215488,99999, ,2004,02,24, , , , , , ,0, ,0, ,7
215488,99999, ,2004,02,25, , , , , , ,0, ,0, ,6
215488,99999, ,2004,02,26, , , , , , ,0, ,0, ,5
215488,99999, ,2004,02,27, , , , , , ,0, ,0, ,5
215488,99999, ,2004,02,28, , , , , , ,0, ,0, ,5
215488,99999, ,2004,02,29, , , , , , ,0, ,0, ,3, , , , , , , ,1.27,13.1

215488,99999, ,2004,03,1, , , , , , ,0.15, ,0, ,1
215488,99999, ,2004,03,2, , , , , , ,0.39, ,0, ,0
215488,99999, ,2004,03,3, , , , , , ,0, ,0, ,0
215488,99999, ,2004,03,4, , , , , , ,0.08, ,0, ,0
215488,99999, ,2004,03,5, , , , , , ,1.04, ,1.0, ,1
215488,99999, ,2004,03,6, , , , , , ,0.21, ,T,null,1
215488,99999, ,2004,03,7, , , , , , ,0.07, ,0, ,1
215488,99999, ,2004,03,8, , , , , , ,0, ,0, ,0
215488,99999, ,2004,03,9, , , , , , ,0.23, ,2.0, ,2
215488,99999, ,2004,03,10, , , , , , ,0, ,0, ,1
215488,99999, ,2004,03,11, , , , , , ,0.15, ,0, ,0
215488,99999, ,2004,03,12, , , , , , ,0, ,0, ,0
215488,99999, ,2004,03,13, , , , , , ,0, ,0, ,0
215488,99999, ,2004,03,14, , , , , , ,0.08, ,0, ,0
215488,99999, ,2004,03,15, , , , , , ,0, ,0, ,0
215488,99999, ,2004,03,16, , , , , , ,0, ,0, ,0
215488,99999, ,2004,03,17, , , , , , ,0.21, ,2.0, ,2
215488,99999, ,2004,03,18, , , , , , ,0.18, ,0, ,0
215488,99999, ,2004,03,19, , , , , , ,0, ,0, ,0
215488,99999, ,2004,03,20, , , , , , ,0, ,0, ,0
215488,99999, ,2004,03,21, , , , , , ,0, ,0, ,0
215488,99999, ,2004,03,22, , , , , , ,0, ,0, ,0
215488,99999, ,2004,03,23, , , , , , ,0, ,0, ,0
215488,99999, ,2004,03,24, , , , , , ,0, ,0, ,0
215488,99999, ,2004,03,25, , , , , , ,0, ,0, ,0
215488,99999, ,2004,03,26, , , , , , ,0.50, ,0, ,0
215488,99999, ,2004,03,27, , , , , , ,0, ,0, ,0
215488,99999, ,2004,03,28, , , , , , ,0.15, ,0, ,0
215488,99999, ,2004,03,29, , , , , , ,0.03, ,0, ,0
215488,99999, ,2004,03,30, , , , , , ,0, ,0, ,0
215488,99999, ,2004,03,31, , , , , , ,0, ,0, ,0, , , , , , , ,3.47,5.0

215488,99999, ,2004,04,1, , , , , , ,0, ,0, ,0
215488,99999, ,2004,04,2, , , , , , ,0, ,0, ,0
215488,99999, ,2004,04,3, , , , , , ,0, ,0, ,0
215488,99999, ,2004,04,4, , , , , , ,0, ,0, ,0
215488,99999, ,2004,04,5, , , , , , ,0, ,0, ,0
215488,99999, ,2004,04,6, , , , , , ,0, ,0, ,0
215488,99999, ,2004,04,7, , , , , , ,0, ,0, ,0
215488,99999, ,2004,04,8, , , , , , ,0, ,0, ,0
215488,99999, ,2004,04,9, , , , , , ,0, ,0, ,0
215488,99999, ,2004,04,10, , , , , , ,0, ,0, ,0
215488,99999, ,2004,04,11, , , , , , ,0, ,0, ,0
215488,99999, ,2004,04,12, , , , , , ,0, ,0, ,0
215488,99999, ,2004,04,13, , , , , , ,0, ,0, ,0
215488,99999, ,2004,04,14, , , , , , ,0, ,0, ,0
215488,99999, ,2004,04,15, , , , , , ,0, ,0, ,0
215488,99999, ,2004,04,16, , , , , , ,0, ,0, ,0
215488,99999, ,2004,04,17, , , , , , ,0.08, ,0, ,0
215488,99999, ,2004,04,18, , , , , , ,0, ,0, ,0
215488,99999, ,2004,04,19, , , , , , ,0.68, ,0, ,0
215488,99999, ,2004,04,20, , , , , , ,0, ,0, ,0
215488,99999, ,2004,04,21, , , , , , ,0.50, ,0, ,0
215488,99999, ,2004,04,22, , , , , , ,0.20, ,0, ,0
215488,99999, ,2004,04,23, , , , , , ,0, ,0, ,0
215488,99999, ,2004,04,24, , , , , , ,0, ,0, ,0
215488,99999, ,2004,04,25, , , , , , ,0.30, ,0, ,0
215488,99999, ,2004,04,26, , , , , , ,0.15, ,0, ,0
215488,99999, ,2004,04,27, , , , , , ,0, ,0, ,0
215488,99999, ,2004,04,28, , , , , , ,0, ,0, ,0
215488,99999, ,2004,04,29, , , , , , ,0, ,0, ,0
215488,99999, ,2004,04,30, , , , , , ,0, ,0, ,0, , , , , , , ,1.91,0

215488,99999, ,2004,05,1, , , , , , ,0, ,0, ,0
215488,99999, ,2004,05,2, , , , , , ,0, ,0, ,0
215488,99999, ,2004,05,3, , , , , , ,0, ,0, ,0
215488,99999, ,2004,05,4, , , , , , ,0, ,0, ,0
215488,99999, ,2004,05,5, , , , , , ,0, ,0, ,0
215488,99999, ,2004,05,6, , , , , , ,0.02, ,0, ,0
215488,99999, ,2004,05,7, , , , , , ,0, ,0, ,0
215488,99999, ,2004,05,8, , , , , , ,0.80, ,0, ,0
215488,99999, ,2004,05,9, , , , , , ,0, ,0, ,0
215488,99999, ,2004,05,10, , , , , , ,1.25, ,0, ,0
215488,99999, ,2004,05,11, , , , , , ,0.03, ,0, ,0
215488,99999, ,2004,05,12, , , , , , ,0, ,0, ,0
215488,99999, ,2004,05,13, , , , , , ,0.81, ,0, ,0
215488,99999, ,2004,05,14, , , , , , ,1.13, ,0, ,0
215488,99999, ,2004,05,15, , , , , , ,0.04, ,0, ,0
215488,99999, ,2004,05,16, , , , , , ,0.03, ,0, ,0
215488,99999, ,2004,05,17, , , , , , ,0, ,0, ,0
215488,99999, ,2004,05,18, , , , , , ,0.02, ,0, ,0
215488,99999, ,2004,05,19, , , , , , ,0, ,0, ,0
215488,99999, ,2004,05,20, , , , , , ,0.65, ,0, ,0
215488,99999, ,2004,05,21, , , , , , ,0.10, ,0, ,0
215488,99999, ,2004,05,22, , , , , , ,1.30, ,0, ,0
215488,99999, ,2004,05,23, , , , , , ,0.45, ,0, ,0
215488,99999, ,2004,05,24, , , , , , ,0.30, ,0, ,0
215488,99999, ,2004,05,25, , , , , , ,0.04, ,0, ,0
215488,99999, ,2004,05,26, , , , , , ,0.03, ,0, ,0
215488,99999, ,2004,05,27, , , , , , ,0.56, ,0, ,0
215488,99999, ,2004,05,28, , , , , , ,0, ,0, ,0
215488,99999, ,2004,05,29, , , , , , ,0.30, ,0, ,0
215488,99999, ,2004,05,30, , , , , , ,0.68, ,0, ,0
215488,99999, ,2004,05,31, , , , , , ,0.70, ,0, ,0, , , , , , , ,9.24,0

215488,99999, ,2004,06,1, , , , , , ,0.07, ,0, ,0
215488,99999, ,2004,06,2, , , , , , ,0.03, ,0, ,0
215488,99999, ,2004,06,3, , , , , , ,0, ,0, ,0
215488,99999, ,2004,06,4, , , , , , ,0, ,0, ,0
215488,99999, ,2004,06,5, , , , , , ,0, ,0, ,0
215488,99999, ,2004,06,6, , , , , , ,0.08, ,0, ,0
215488,99999, ,2004,06,7, , , , , , ,0, ,0, ,0
215488,99999, ,2004,06,8, , , , , , ,0, ,0, ,0
215488,99999, ,2004,06,9, , , , , , ,1.10, ,0, ,0
215488,99999, ,2004,06,10, , , , , , ,2.20, ,0, ,0
215488,99999, ,2004,06,11, , , , , , ,0.43, ,0, ,0
215488,99999, ,2004,06,12, , , , , , ,0.85, ,0, ,0
215488,99999, ,2004,06,13, , , , , , ,0.08, ,0, ,0
215488,99999, ,2004,06,14, , , , , , ,0.05, ,0, ,0
215488,99999, ,2004,06,15, , , , , , ,0, ,0, ,0
215488,99999, ,2004,06,16, , , , , , ,0, ,0, ,0
215488,99999, ,2004,06,17, , , , , , ,1.51, ,0, ,0
215488,99999, ,2004,06,18, , , , , , ,0, ,0, ,0
215488,99999, ,2004,06,19, , , , , , ,0, ,0, ,0
215488,99999, ,2004,06,20, , , , , , ,0, ,0, ,0
215488,99999, ,2004,06,21, , , , , , ,0, ,0, ,0
215488,99999, ,2004,06,22, , , , , , ,0, ,0, ,0
215488,99999, ,2004,06,23, , , , , , ,0, ,0, ,0
215488,99999, ,2004,06,24, , , , , , ,0.08, ,0, ,0
215488,99999, ,2004,06,25, , , , , , ,0.06, ,0, ,0
215488,99999, ,2004,06,26, , , , , , ,0, ,0, ,0
215488,99999, ,2004,06,27, , , , , , ,0, ,0, ,0
215488,99999, ,2004,06,28, , , , , , ,0.25, ,0, ,0
215488,99999, ,2004,06,29, , , , , , ,0, ,0, ,0
215488,99999, ,2004,06,30, , , , , , ,0, ,0, ,0, , , , , , , ,6.79,0

215488,99999, ,2004,07,1, , , , , , ,0, ,0, ,0
215488,99999, ,2004,07,2, , , , , , ,0, ,0, ,0
215488,99999, ,2004,07,3, , , , , , ,0, ,0, ,0
215488,99999, ,2004,07,4, , , , , , ,0.31, ,0, ,0
215488,99999, ,2004,07,5, , , , , , ,0, ,0, ,0
215488,99999, ,2004,07,6, , , , , , ,1.07, ,0, ,0
215488,99999, ,2004,07,7, , , , , , ,0.42, ,0, ,0
215488,99999, ,2004,07,8, , , , , , ,0.03, ,0, ,0
215488,99999, ,2004,07,9, , , , , , ,0, ,0, ,0
215488,99999, ,2004,07,10, , , , , , ,0.03, ,0, ,0
215488,99999, ,2004,07,11, , , , , , ,0, ,0, ,0
215488,99999, ,2004,07,12, , , , , , ,0.32, ,0, ,0
215488,99999, ,2004,07,13, , , , , , ,0, ,0, ,0
215488,99999, ,2004,07,14, , , , , , ,0, ,0, ,0
215488,99999, ,2004,07,15, , , , , , ,0, ,0, ,0
215488,99999, ,2004,07,16, , , , , , ,0, ,0, ,0
215488,99999, ,2004,07,17, , , , , , ,0, ,0, ,0
215488,99999, ,2004,07,18, , , , , , ,0, ,0, ,0
215488,99999, ,2004,07,19, , , , , , ,0, ,0, ,0
215488,99999, ,2004,07,20, , , , , , ,0, ,0, ,0
215488,99999, ,2004,07,21, , , , , , ,0.44, ,0, ,0
215488,99999, ,2004,07,22, , , , , , ,0.05, ,0, ,0
215488,99999, ,2004,07,23, , , , , , ,0.11, ,0, ,0
215488,99999, ,2004,07,24, , , , , , ,0, ,0, ,0
215488,99999, ,2004,07,25, , , , , , ,0, ,0, ,0
215488,99999, ,2004,07,26, , , , , , ,0, ,0, ,0
215488,99999, ,2004,07,27, , , , , , ,0, ,0, ,0
215488,99999, ,2004,07,28, , , , , , ,0, ,0, ,0
215488,99999, ,2004,07,29, , , , , , ,0.27, ,0, ,0
215488,99999, ,2004,07,30, , , , , , ,0, ,0, ,0
215488,99999, ,2004,07,31, , , , , , ,0.22, ,0, ,0, , , , , , , ,3.27,0

215488,99999, ,2004,08,1, , , , , , ,0, ,0, ,0
215488,99999, ,2004,08,2, , , , , , ,0, ,0, ,0
215488,99999, ,2004,08,3, , , , , , ,0.11, ,0, ,0
215488,99999, ,2004,08,4, , , , , , ,0.46, ,0, ,0
215488,99999, ,2004,08,5, , , , , , ,0, ,0, ,0
215488,99999, ,2004,08,6, , , , , , ,0, ,0, ,0
215488,99999, ,2004,08,7, , , , , , ,0, ,0, ,0
215488,99999, ,2004,08,8, , , , , , ,0.05, ,0, ,0
215488,99999, ,2004,08,9, , , , , , ,0, ,0, ,0
215488,99999, ,2004,08,10, , , , , , ,0.10, ,0, ,0
215488,99999, ,2004,08,11, , , , , , ,0.08, ,0, ,0
215488,99999, ,2004,08,12, , , , , , ,0.14, ,0, ,0
215488,99999, ,2004,08,13, , , , , , ,0, ,0, ,0
215488,99999, ,2004,08,14, , , , , , ,0, ,0, ,0
215488,99999, ,2004,08,15, , , , , , ,0, ,0, ,0
215488,99999, ,2004,08,16, , , , , , ,0.30, ,0, ,0
215488,99999, ,2004,08,17, , , , , , ,0.88, ,0, ,0
215488,99999, ,2004,08,18, , , , , , ,0, ,0, ,0
215488,99999, ,2004,08,19, , , , , , ,0, ,0, ,0
215488,99999, ,2004,08,20, , , , , , ,0, ,0, ,0
215488,99999, ,2004,08,21, , , , , , ,0, ,0, ,0
215488,99999, ,2004,08,22, , , , , , ,0, ,0, ,0
215488,99999, ,2004,08,23, , , , , , ,0, ,0, ,0
215488,99999, ,2004,08,24, , , , , , ,0.08, ,0, ,0
215488,99999, ,2004,08,25, , , , , , ,0.02, ,0, ,0
215488,99999, ,2004,08,26, , , , , , ,0, ,0, ,0
215488,99999, ,2004,08,27, , , , , , ,0.14, ,0, ,0
215488,99999, ,2004,08,28, , , , , , ,0, ,0, ,0
215488,99999, ,2004,08,29, , , , , , ,0.03, ,0, ,0
215488,99999, ,2004,08,30, , , , , , ,0.54, ,0, ,0
215488,99999, ,2004,08,31, , , , , , ,0, ,0, ,0, , , , , , , ,2.93,0

215488,99999, ,2004,09,1, , , , , , ,0.03, ,0, ,0
215488,99999, ,2004,09,2, , , , , , ,0, ,0, ,0
215488,99999, ,2004,09,3, , , , , , ,0, ,0, ,0
215488,99999, ,2004,09,4, , , , , , ,0, ,0, ,0
215488,99999, ,2004,09,5, , , , , , ,0, ,0, ,0
215488,99999, ,2004,09,6, , , , , , ,0.97, ,0, ,0
215488,99999, ,2004,09,7, , , , , , ,0, ,0, ,0
215488,99999, ,2004,09,8, , , , , , ,0, ,0, ,0
215488,99999, ,2004,09,9, , , , , , ,0, ,0, ,0
215488,99999, ,2004,09,10, , , , , , ,0, ,0, ,0
215488,99999, ,2004,09,11, , , , , , ,0, ,0, ,0
215488,99999, ,2004,09,12, , , , , , ,0, ,0, ,0
215488,99999, ,2004,09,13, , , , , , ,0, ,0, ,0
215488,99999, ,2004,09,14, , , , , , ,0.05, ,0, ,0
215488,99999, ,2004,09,15, , , , , , ,3.87, ,0, ,0
215488,99999, ,2004,09,16, , , , , , ,0.48, ,0, ,0
215488,99999, ,2004,09,17, , , , , , ,0, ,0, ,0
215488,99999, ,2004,09,18, , , , , , ,0, ,0, ,0
215488,99999, ,2004,09,19, , , , , , ,0, ,0, ,0
215488,99999, ,2004,09,20, , , , , , ,0, ,0, ,0
215488,99999, ,2004,09,21, , , , , , ,0, ,0, ,0
215488,99999, ,2004,09,22, , , , , , ,0, ,0, ,0
215488,99999, ,2004,09,23, , , , , , ,0, ,0, ,0
215488,99999, ,2004,09,24, , , , , , ,0.18, ,0, ,0
215488,99999, ,2004,09,25, , , , , , ,0, ,0, ,0
215488,99999, ,2004,09,26, , , , , , ,0, ,0, ,0
215488,99999, ,2004,09,27, , , , , , ,0, ,0, ,0
215488,99999, ,2004,09,28, , , , , , ,0.01, ,0, ,0
215488,99999, ,2004,09,29, , , , , , ,0, ,0, ,0
215488,99999, ,2004,09,30, , , , , , ,0, ,0, ,0, , , , , , , ,5.59,0

215488,99999, ,2004,10,1, , , , , , ,0, ,0, ,0
215488,99999, ,2004,10,2, , , , , , ,1.13, ,0, ,0
215488,99999, ,2004,10,3, , , , , , ,0, ,0, ,0
215488,99999, ,2004,10,4, , , , , , ,0, ,0, ,0
215488,99999, ,2004,10,5, , , , , , ,0.02, ,0, ,0
215488,99999, ,2004,10,6, , , , , , ,0, ,0, ,0
215488,99999, ,2004,10,7, , , , , , ,0, ,0, ,0
215488,99999, ,2004,10,8, , , , , , ,0.10, ,0, ,0
215488,99999, ,2004,10,9, , , , , , ,0, ,0, ,0
215488,99999, ,2004,10,10, , , , , , ,0, ,0, ,0
215488,99999, ,2004,10,11, , , , , , ,0, ,0, ,0
215488,99999, ,2004,10,12, , , , , , ,0, ,0, ,0
215488,99999, ,2004,10,13, , , , , , ,0, ,0, ,0
215488,99999, ,2004,10,14, , , , , , ,0.16, ,0, ,0
215488,99999, ,2004,10,15, , , , , , ,0.10, ,0, ,0
215488,99999, ,2004,10,16, , , , , , ,0.10, ,0, ,0
215488,99999, ,2004,10,17, , , , , , ,0, ,0, ,0
215488,99999, ,2004,10,18, , , , , , ,0, ,0, ,0
215488,99999, ,2004,10,19, , , , , , ,0.03, ,0, ,0
215488,99999, ,2004,10,20, , , , , , ,0, ,0, ,0
215488,99999, ,2004,10,21, , , , , , ,0, ,0, ,0
215488,99999, ,2004,10,22, , , , , , ,0, ,0, ,0
215488,99999, ,2004,10,23, , , , , , ,0.08, ,0, ,0
215488,99999, ,2004,10,24, , , , , , ,0, ,0, ,0
215488,99999, ,2004,10,25, , , , , , ,0, ,0, ,0
215488,99999, ,2004,10,26, , , , , , ,0, ,0, ,0
215488,99999, ,2004,10,27, , , , , , ,0.30, ,0, ,0
215488,99999, ,2004,10,28, , , , , , ,0.03, ,0, ,0
215488,99999, ,2004,10,29, , , , , , ,0.25, ,0, ,0
215488,99999, ,2004,10,30, , , , , , ,0.51, ,0, ,0
215488,99999, ,2004,10,31, , , , , , ,0, ,0, ,0, , , , , , , ,2.81,0

215488,99999, ,2004,11,1, , , , , , ,0, ,0, ,0
215488,99999, ,2004,11,2, , , , , , ,0.22, ,0, ,0
215488,99999, ,2004,11,3, , , , , , ,0, ,0, ,0
215488,99999, ,2004,11,4, , , , , , ,0, ,0, ,0
215488,99999, ,2004,11,5, , , , , , ,0, ,0, ,0
215488,99999, ,2004,11,6, , , , , , ,0, ,0, ,0
215488,99999, ,2004,11,7, , , , , , ,0, ,0, ,0
215488,99999, ,2004,11,8, , , , , , ,0, ,0, ,0
215488,99999, ,2004,11,9, , , , , , ,0, ,0, ,0
215488,99999, ,2004,11,10, , , , , , ,0.02, ,0, ,0
215488,99999, ,2004,11,11, , , , , , ,0, ,0, ,0
215488,99999, ,2004,11,12, , , , , , ,0, ,0, ,0
215488,99999, ,2004,11,13, , , , , , ,0, ,0, ,0
215488,99999, ,2004,11,14, , , , , , ,0, ,0, ,0
215488,99999, ,2004,11,15, , , , , , ,0, ,0, ,0
215488,99999, ,2004,11,16, , , , , , ,0, ,0, ,0
215488,99999, ,2004,11,17, , , , , , ,0, ,0, ,0
215488,99999, ,2004,11,18, , , , , , ,0.03, ,0, ,0
215488,99999, ,2004,11,19, , , , , , ,0.10, ,0, ,0
215488,99999, ,2004,11,20, , , , , , ,0.85, ,0, ,0
215488,99999, ,2004,11,21, , , , , , ,0, ,0, ,0
215488,99999, ,2004,11,22, , , , , , ,0, ,0, ,0
215488,99999, ,2004,11,23, , , , , , ,0, ,0, ,0
215488,99999, ,2004,11,24, , , , , , ,0, ,0, ,0
215488,99999, ,2004,11,25, , , , , , ,0, ,0, ,0
215488,99999, ,2004,11,26, , , , , , ,0, ,0, ,0
215488,99999, ,2004,11,27, , , , , , ,0.40, ,0, ,0
215488,99999, ,2004,11,28, , , , , , ,0.44, ,0, ,0
215488,99999, ,2004,11,29, , , , , , ,0, ,0, ,0
215488,99999, ,2004,11,30, , , , , , ,0, ,0, ,0, , , , , , , ,2.06,0

215488,99999, ,2004,12,1, , , , , , ,0, ,0, ,0
215488,99999, ,2004,12,2, , , , , , ,0, ,0, ,0
215488,99999, ,2004,12,3, , , , , , ,0, ,0, ,0
215488,99999, ,2004,12,4, , , , , , ,0, ,0, ,0
215488,99999, ,2004,12,5, , , , , , ,0, ,0, ,0
215488,99999, ,2004,12,6, , , , , , ,0.05, ,T,null,T
215488,99999, ,2004,12,7, , , , , , ,0.01, ,0, ,0
215488,99999, ,2004,12,8, , , , , , ,0, ,0, ,0
215488,99999, ,2004,12,9, , , , , , ,0, ,0, ,0
215488,99999, ,2004,12,10, , , , , , ,0.29, ,0, ,0
215488,99999, ,2004,12,11, , , , , , ,0.03, ,0, ,0
215488,99999, ,2004,12,12, , , , , , ,0, ,0, ,0
215488,99999, ,2004,12,13, , , , , , ,0, ,0, ,0
215488,99999, ,2004,12,14, , , , , , ,0, ,0, ,0
215488,99999, ,2004,12,15, , , , , , ,0, ,0, ,0
215488,99999, ,2004,12,16, , , , , , ,0, ,0, ,0
215488,99999, ,2004,12,17, , , , , , ,0, ,0, ,0
215488,99999, ,2004,12,18, , , , , , ,0, ,0, ,0
215488,99999, ,2004,12,19, , , , , , ,0, ,0, ,0
215488,99999, ,2004,12,20, , , , , , ,0, ,0, ,0
215488,99999, ,2004,12,21, , , , , , ,0.20, ,2.0, ,2
215488,99999, ,2004,12,22, , , , , , ,0, ,0, ,2
215488,99999, ,2004,12,23, , , , , , ,0, ,0, ,2
215488,99999, ,2004,12,24, , , , , , ,0, ,0, ,2
215488,99999, ,2004,12,25, , , , , , ,0, ,0, ,2
215488,99999, ,2004,12,26, , , , , , ,0, ,0, ,2
215488,99999, ,2004,12,27, , , , , , ,0, ,0, ,2
215488,99999, ,2004,12,28, , , , , , ,0, ,0, ,2
215488,99999, ,2004,12,29, , , , , , ,0, ,0, ,2
215488,99999, ,2004,12,30, , , , , , ,0, ,0, ,2
215488,99999, ,2004,12,31, , , , , , ,0.10, ,0, ,1, , , , , , , ,0.68,2.0

215488,99999, ,2005,01,1, , , , , , ,0, ,0, ,0
215488,99999, ,2005,01,2, , , , , , ,0.40, ,0.4, ,T
215488,99999, ,2005,01,3, , , , , , ,0, ,0, ,T
215488,99999, ,2005,01,4, , , , , , ,0, ,0, ,T
215488,99999, ,2005,01,5, , , , , , ,0, ,0, ,T
215488,99999, ,2005,01,6, , , , , , ,0.12, ,2.0, ,2
215488,99999, ,2005,01,7, , , , , , ,T,null,T,null,2
215488,99999, ,2005,01,8, , , , , , ,T,null,T,null,2
215488,99999, ,2005,01,9, , , , , , ,0, ,0, ,2
215488,99999, ,2005,01,10, , , , , , ,0, ,0, ,2
215488,99999, ,2005,01,11, , , , , , ,0, ,0, ,2
215488,99999, ,2005,01,12, , , , , , ,0, ,0, ,2
215488,99999, ,2005,01,13, , , , , , ,T,null,0, ,2
215488,99999, ,2005,01,14, , , , , , ,0, ,0, ,2
215488,99999, ,2005,01,15, , , , , , ,0, ,0, ,2
215488,99999, ,2005,01,16, , , , , , ,0, ,0, ,2
215488,99999, ,2005,01,17, , , , , , ,0, ,0, ,2
215488,99999, ,2005,01,18, , , , , , ,0, ,0, ,2
215488,99999, ,2005,01,19, , , , , , ,T,null,T,null,2
215488,99999, ,2005,01,20, , , , , , ,0.06, ,0.2, ,2
215488,99999, ,2005,01,21, , , , , , ,0, ,0, ,2
215488,99999, ,2005,01,22, , , , , , ,0.55, ,6.5, ,8
215488,99999, ,2005,01,23, , , , , , ,0.04, ,0.5, ,8
215488,99999, ,2005,01,24, , , , , , ,0, ,0, ,8
215488,99999, ,2005,01,25, , , , , , ,0, ,0, ,7
215488,99999, ,2005,01,26, , , , , , ,0, ,0, ,6
215488,99999, ,2005,01,27, , , , , , ,0, ,0, ,6
215488,99999, ,2005,01,28, , , , , , ,0, ,0, ,6
215488,99999, ,2005,01,29, , , , , , ,0, ,0, ,6
215488,99999, ,2005,01,30, , , , , , ,0, ,0, ,6
215488,99999, ,2005,01,31, , , , , , ,0, ,0, ,6, , , , , , , ,1.17,9.6

215488,99999, ,2005,02,1, , , , , , ,0, ,0, ,6
215488,99999, ,2005,02,2, , , , , , ,0, ,0, ,6
215488,99999, ,2005,02,3, , , , , , ,0, ,0, ,6
215488,99999, ,2005,02,4, , , , , , ,0, ,0, ,5
215488,99999, ,2005,02,5, , , , , , ,0, ,0, ,4
215488,99999, ,2005,02,6, , , , , , ,0.03, ,0, ,0
215488,99999, ,2005,02,7, , , , , , ,0.22, ,1.0, ,1
215488,99999, ,2005,02,8, , , , , , ,0, ,0, ,1
215488,99999, ,2005,02,9, , , , , , ,0, ,0, ,1
215488,99999, ,2005,02,10, , , , , , ,T,null,T,null,1
215488,99999, ,2005,02,11, , , , , , ,0.01, ,0.3, ,1
215488,99999, ,2005,02,12, , , , , , ,0, ,0, ,0
215488,99999, ,2005,02,13, , , , , , ,0, ,0, ,0
215488,99999, ,2005,02,14, , , , , , ,0.46, ,0.5, ,1
215488,99999, ,2005,02,15, , , , , , ,0, ,0, ,1
215488,99999, ,2005,02,16, , , , , , ,0, ,0, ,0
215488,99999, ,2005,02,17, , , , , , ,0, ,0, ,0
215488,99999, ,2005,02,18, , , , , , ,0, ,0, ,0
215488,99999, ,2005,02,19, , , , , , ,T,null,T,null,0
215488,99999, ,2005,02,20, , , , , , ,0.24, ,5.0, ,5
215488,99999, ,2005,02,21, , , , , , ,0.33, ,3.0, ,8
215488,99999, ,2005,02,22, , , , , , ,0, ,0, ,8
215488,99999, ,2005,02,23, , , , , , ,0, ,0, ,8
215488,99999, ,2005,02,24, , , , , , ,0, ,0, ,8
215488,99999, ,2005,02,25, , , , , , ,T,null,T,null,7
215488,99999, ,2005,02,26, , , , , , ,0, ,0, ,7
215488,99999, ,2005,02,27, , , , , , ,0, ,0, ,7
215488,99999, ,2005,02,28, , , , , , ,0.04, ,T,null,7, , , , , , , ,1.33,9.8

215488,99999, ,2005,03,1, , , , , , ,0, ,0, ,7
215488,99999, ,2005,03,2, , , , , , ,0, ,0, ,7
215488,99999, ,2005,03,3, , , , , , ,0, ,0, ,6
215488,99999, ,2005,03,4, , , , , , ,0, ,0, ,5
215488,99999, ,2005,03,5, , , , , , ,0, ,0, ,3
215488,99999, ,2005,03,6, , , , , , ,0, ,0, ,1
215488,99999, ,2005,03,7, , , , , , ,0, ,0, ,0
215488,99999, ,2005,03,8, , , , , , ,0, ,0, ,0
215488,99999, ,2005,03,9, , , , , , ,0, ,0, ,0
215488,99999, ,2005,03,10, , , , , , ,0.12, ,2.0, ,2
215488,99999, ,2005,03,11, , , , , , ,0.10, ,0, ,1
215488,99999, ,2005,03,12, , , , , , ,0.06, ,0, ,1
215488,99999, ,2005,03,13, , , , , , ,0, ,0, ,1
215488,99999, ,2005,03,14, , , , , , ,0, ,0, ,0
215488,99999, ,2005,03,15, , , , , , ,0, ,0, ,0
215488,99999, ,2005,03,16, , , , , , ,0, ,0, ,0
215488,99999, ,2005,03,17, , , , , , ,0, ,0, ,0
215488,99999, ,2005,03,18, , , , , , ,0.03, ,0.3, ,T
215488,99999, ,2005,03,19, , , , , , ,1.00, ,15.0, ,15
215488,99999, ,2005,03,20, , , , , , ,0, ,0, ,12
215488,99999, ,2005,03,21, , , , , , ,0, ,0, ,9
215488,99999, ,2005,03,22, , , , , , ,0, ,0, ,8
215488,99999, ,2005,03,23, , , , , , ,0, ,0, ,6
215488,99999, ,2005,03,24, , , , , , ,0, ,0, ,4
215488,99999, ,2005,03,25, , , , , , ,0, ,0, ,3
215488,99999, ,2005,03,26, , , , , , ,0, ,0, ,2
215488,99999, ,2005,03,27, , , , , , ,0, ,0, ,1
215488,99999, ,2005,03,28, , , , , , ,0, ,0, ,0
215488,99999, ,2005,03,29, , , , , , ,0, ,0, ,0
215488,99999, ,2005,03,30, , , , , , ,0, ,0, ,0
215488,99999, ,2005,03,31, , , , , , ,0.15, ,0, ,0, , , , , , , ,1.46,17.3

215488,99999, ,2005,04,1, , , , , , ,0, ,0, ,0
215488,99999, ,2005,04,2, , , , , , ,0, ,0, ,0
215488,99999, ,2005,04,3, , , , , , ,0, ,0, ,0
215488,99999, ,2005,04,4, , , , , , ,0, ,0, ,0
215488,99999, ,2005,04,5, , , , , , ,0, ,0, ,0
215488,99999, ,2005,04,6, , , , , , ,0, ,0, ,0
215488,99999, ,2005,04,7, , , , , , ,0, ,0, ,0
215488,99999, ,2005,04,8, , , , , , ,0, ,0, ,0
215488,99999, ,2005,04,9, , , , , , ,0, ,0, ,0
215488,99999, ,2005,04,10, , , , , , ,0.02, ,0, ,0
215488,99999, ,2005,04,11, , , , , , ,0, ,0, ,0
215488,99999, ,2005,04,12, , , , , , ,0.08, ,0, ,0
215488,99999, ,2005,04,13, , , , , , ,0.14, ,0, ,0
215488,99999, ,2005,04,14, , , , , , ,0, ,0, ,0
215488,99999, ,2005,04,15, , , , , , ,0, ,0, ,0
215488,99999, ,2005,04,16, , , , , , ,0, ,0, ,0
215488,99999, ,2005,04,17, , , , , , ,0.72, ,0, ,0
215488,99999, ,2005,04,18, , , , , , ,0, ,0, ,0
215488,99999, ,2005,04,19, , , , , , ,0, ,0, ,0
215488,99999, ,2005,04,20, , , , , , ,1.07, ,0, ,0
215488,99999, ,2005,04,21, , , , , , ,0, ,0, ,0
215488,99999, ,2005,04,22, , , , , , ,0, ,0, ,0
215488,99999, ,2005,04,23, , , , , , ,0, ,0, ,0
215488,99999, ,2005,04,24, , , , , , ,0, ,0, ,0
215488,99999, ,2005,04,25, , , , , , ,0, ,0, ,0
215488,99999, ,2005,04,26, , , , , , ,0.15, ,0, ,0
215488,99999, ,2005,04,27, , , , , , ,0.08, ,0, ,0
215488,99999, ,2005,04,28, , , , , , ,0.02, ,0, ,0
215488,99999, ,2005,04,29, , , , , , ,0, ,0, ,0
215488,99999, ,2005,04,30, , , , , , ,0, ,0, ,0, , , , , , , ,2.28,0

215488,99999, ,2005,05,1, , , , , , ,0, ,0, ,0
215488,99999, ,2005,05,2, , , , , , ,0.01, ,0, ,0
215488,99999, ,2005,05,3, , , , , , ,0, ,0, ,0
215488,99999, ,2005,05,4, , , , , , ,0, ,0, ,0
215488,99999, ,2005,05,5, , , , , , ,0, ,0, ,0
215488,99999, ,2005,05,6, , , , , , ,0, ,0, ,0
215488,99999, ,2005,05,7, , , , , , ,0, ,0, ,0
215488,99999, ,2005,05,8, , , , , , ,0.05, ,0, ,0
215488,99999, ,2005,05,9, , , , , , ,0.05, ,0, ,0
215488,99999, ,2005,05,10, , , , , , ,0.02, ,0, ,0
215488,99999, ,2005,05,11, , , , , , ,0, ,0, ,0
215488,99999, ,2005,05,12, , , , , , ,0, ,0, ,0
215488,99999, ,2005,05,13, , , , , , ,1.24, ,0, ,0
215488,99999, ,2005,05,14, , , , , , ,0.04, ,0, ,0
215488,99999, ,2005,05,15, , , , , , ,0.06, ,0, ,0
215488,99999, ,2005,05,16, , , , , , ,0, ,0, ,0
215488,99999, ,2005,05,17, , , , , , ,0.21, ,0, ,0
215488,99999, ,2005,05,18, , , , , , ,0, ,0, ,0
215488,99999, ,2005,05,19, , , , , , ,1.20, ,0, ,0
215488,99999, ,2005,05,20, , , , , , ,0.04, ,0, ,0
215488,99999, ,2005,05,21, , , , , , ,0, ,0, ,0
215488,99999, ,2005,05,22, , , , , , ,0.07, ,0, ,0
215488,99999, ,2005,05,23, , , , , , ,0, ,0, ,0
215488,99999, ,2005,05,24, , , , , , ,0, ,0, ,0
215488,99999, ,2005,05,25, , , , , , ,0, ,0, ,0
215488,99999, ,2005,05,26, , , , , , ,0.12, ,0, ,0
215488,99999, ,2005,05,27, , , , , , ,0.02, ,0, ,0
215488,99999, ,2005,05,28, , , , , , ,0.08, ,0, ,0
215488,99999, ,2005,05,29, , , , , , ,0.11, ,0, ,0
215488,99999, ,2005,05,30, , , , , , ,0, ,0, ,0
215488,99999, ,2005,05,31, , , , , , ,0, ,0, ,0, , , , , , , ,3.32,0

215488,99999, ,2005,06,1, , , , , , ,0, ,0, ,0
215488,99999, ,2005,06,2, , , , , , ,0, ,0, ,0
215488,99999, ,2005,06,3, , , , , , ,0, ,0, ,0
215488,99999, ,2005,06,4, , , , , , ,0, ,0, ,0
215488,99999, ,2005,06,5, , , , , , ,0.62, ,0, ,0
215488,99999, ,2005,06,6, , , , , , ,0.05, ,0, ,0
215488,99999, ,2005,06,7, , , , , , ,0, ,0, ,0
215488,99999, ,2005,06,8, , , , , , ,0.70, ,0, ,0
215488,99999, ,2005,06,9, , , , , , ,0.78, ,0, ,0
215488,99999, ,2005,06,10, , , , , , ,0, ,0, ,0
215488,99999, ,2005,06,11, , , , , , ,0.83, ,0, ,0
215488,99999, ,2005,06,12, , , , , , ,0.07, ,0, ,0
215488,99999, ,2005,06,13, , , , , , ,0, ,0, ,0
215488,99999, ,2005,06,14, , , , , , ,0.20, ,0, ,0
215488,99999, ,2005,06,15, , , , , , ,0.40, ,0, ,0
215488,99999, ,2005,06,16, , , , , , ,0.06, ,0, ,0
215488,99999, ,2005,06,17, , , , , , ,0, ,0, ,0
215488,99999, ,2005,06,18, , , , , , ,0, ,0, ,0
215488,99999, ,2005,06,19, , , , , , ,0, ,0, ,0
215488,99999, ,2005,06,20, , , , , , ,0, ,0, ,0
215488,99999, ,2005,06,21, , , , , , ,0.13, ,0, ,0
215488,99999, ,2005,06,22, , , , , , ,0, ,0, ,0
215488,99999, ,2005,06,23, , , , , , ,0, ,0, ,0
215488,99999, ,2005,06,24, , , , , , ,0, ,0, ,0
215488,99999, ,2005,06,25, , , , , , ,0, ,0, ,0
215488,99999, ,2005,06,26, , , , , , ,0, ,0, ,0
215488,99999, ,2005,06,27, , , , , , ,0.08, ,0, ,0
215488,99999, ,2005,06,28, , , , , , ,0, ,0, ,0
215488,99999, ,2005,06,29, , , , , , ,0, ,0, ,0
215488,99999, ,2005,06,30, , , , , , ,0.03, ,0, ,0, , , , , , , ,3.95,0

215488,99999, ,2005,07,1, , , , , , ,0, ,0, ,0
215488,99999, ,2005,07,2, , , , , , ,0, ,0, ,0
215488,99999, ,2005,07,3, , , , , , ,0, ,0, ,0
215488,99999, ,2005,07,4, , , , , , ,0.15, ,0, ,0
215488,99999, ,2005,07,5, , , , , , ,0, ,0, ,0
215488,99999, ,2005,07,6, , , , , , ,0, ,0, ,0
215488,99999, ,2005,07,7, , , , , , ,0, ,0, ,0
215488,99999, ,2005,07,8, , , , , , ,0.06, ,0, ,0
215488,99999, ,2005,07,9, , , , , , ,0, ,0, ,0
215488,99999, ,2005,07,10, , , , , , ,0, ,0, ,0
215488,99999, ,2005,07,11, , , , , , ,0, ,0, ,0
215488,99999, ,2005,07,12, , , , , , ,0, ,0, ,0
215488,99999, ,2005,07,13, , , , , , ,0, ,0, ,0
215488,99999, ,2005,07,14, , , , , , ,0, ,0, ,0
215488,99999, ,2005,07,15, , , , , , ,0, ,0, ,0
215488,99999, ,2005,07,16, , , , , , ,0, ,0, ,0
215488,99999, ,2005,07,17, , , , , , ,0, ,0, ,0
215488,99999, ,2005,07,18, , , , , , ,0.56, ,0, ,0
215488,99999, ,2005,07,19, , , , , , ,0, ,0, ,0
215488,99999, ,2005,07,20, , , , , , ,0, ,0, ,0
215488,99999, ,2005,07,21, , , , , , ,0.15, ,0, ,0
215488,99999, ,2005,07,22, , , , , , ,0.48, ,0, ,0
215488,99999, ,2005,07,23, , , , , , ,0, ,0, ,0
215488,99999, ,2005,07,24, , , , , , ,0.03, ,0, ,0
215488,99999, ,2005,07,25, , , , , , ,0, ,0, ,0
215488,99999, ,2005,07,26, , , , , , ,3.41, ,0, ,0
215488,99999, ,2005,07,27, , , , , , ,0, ,0, ,0
215488,99999, ,2005,07,28, , , , , , ,0, ,0, ,0
215488,99999, ,2005,07,29, , , , , , ,0, ,0, ,0
215488,99999, ,2005,07,30, , , , , , ,0, ,0, ,0
215488,99999, ,2005,07,31, , , , , , ,0, ,0, ,0, , , , , , , ,4.84,0

215488,99999, ,2005,08,1, , , , , , ,0, ,0, ,0
215488,99999, ,2005,08,2, , , , , , ,0, ,0, ,0
215488,99999, ,2005,08,3, , , , , , ,0, ,0, ,0
215488,99999, ,2005,08,4, , , , , , ,0, ,0, ,0
215488,99999, ,2005,08,5, , , , , , ,0, ,0, ,0
215488,99999, ,2005,08,6, , , , , , ,0, ,0, ,0
215488,99999, ,2005,08,7, , , , , , ,0, ,0, ,0
215488,99999, ,2005,08,8, , , , , , ,0, ,0, ,0
215488,99999, ,2005,08,9, , , , , , ,0, ,0, ,0
215488,99999, ,2005,08,10, , , , , , ,0.56, ,0, ,0
215488,99999, ,2005,08,11, , , , , , ,0, ,0, ,0
215488,99999, ,2005,08,12, , , , , , ,0.41, ,0, ,0
215488,99999, ,2005,08,13, , , , , , ,0, ,0, ,0
215488,99999, ,2005,08,14, , , , , , ,0, ,0, ,0
215488,99999, ,2005,08,15, , , , , , ,0, ,0, ,0
215488,99999, ,2005,08,16, , , , , , ,0, ,0, ,0
215488,99999, ,2005,08,17, , , , , , ,0, ,0, ,0
215488,99999, ,2005,08,18, , , , , , ,0, ,0, ,0
215488,99999, ,2005,08,19, , , , , , ,2.65, ,0, ,0
215488,99999, ,2005,08,20, , , , , , ,0.76, ,0, ,0
215488,99999, ,2005,08,21, , , , , , ,0, ,0, ,0
215488,99999, ,2005,08,22, , , , , , ,0, ,0, ,0
215488,99999, ,2005,08,23, , , , , , ,0, ,0, ,0
215488,99999, ,2005,08,24, , , , , , ,0, ,0, ,0
215488,99999, ,2005,08,25, , , , , , ,0, ,0, ,0
215488,99999, ,2005,08,26, , , , , , ,0, ,0, ,0
215488,99999, ,2005,08,27, , , , , , ,1.72, ,0, ,0
215488,99999, ,2005,08,28, , , , , , ,0, ,0, ,0
215488,99999, ,2005,08,29, , , , , , ,0, ,0, ,0
215488,99999, ,2005,08,30, , , , , , ,0, ,0, ,0
215488,99999, ,2005,08,31, , , , , , ,0, ,0, ,0, , , , , , , ,6.10,0

215488,99999, ,2005,09,1, , , , , , ,0.03, ,0, ,0
215488,99999, ,2005,09,2, , , , , , ,0, ,0, ,0
215488,99999, ,2005,09,3, , , , , , ,0, ,0, ,0
215488,99999, ,2005,09,4, , , , , , ,0.24, ,0, ,0
215488,99999, ,2005,09,5, , , , , , ,0, ,0, ,0
215488,99999, ,2005,09,6, , , , , , ,0.02, ,0, ,0
215488,99999, ,2005,09,7, , , , , , ,0, ,0, ,0
215488,99999, ,2005,09,8, , , , , , ,0.09, ,0, ,0
215488,99999, ,2005,09,9, , , , , , ,0.26, ,0, ,0
215488,99999, ,2005,09,10, , , , , , ,0, ,0, ,0
215488,99999, ,2005,09,11, , , , , , ,0, ,0, ,0
215488,99999, ,2005,09,12, , , , , , ,0, ,0, ,0
215488,99999, ,2005,09,13, , , , , , ,0.43, ,0, ,0
215488,99999, ,2005,09,14, , , , , , ,0.30, ,0, ,0
215488,99999, ,2005,09,15, , , , , , ,0, ,0, ,0
215488,99999, ,2005,09,16, , , , , , ,0, ,0, ,0
215488,99999, ,2005,09,17, , , , , , ,0, ,0, ,0
215488,99999, ,2005,09,18, , , , , , ,0, ,0, ,0
215488,99999, ,2005,09,19, , , , , , ,0.44, ,0, ,0
215488,99999, ,2005,09,20, , , , , , ,0.02, ,0, ,0
215488,99999, ,2005,09,21, , , , , , ,0, ,0, ,0
215488,99999, ,2005,09,22, , , , , , ,0.06, ,0, ,0
215488,99999, ,2005,09,23, , , , , , ,0.08, ,0, ,0
215488,99999, ,2005,09,24, , , , , , ,0, ,0, ,0
215488,99999, ,2005,09,25, , , , , , ,1.94, ,0, ,0
215488,99999, ,2005,09,26, , , , , , ,0.41, ,0, ,0
215488,99999, ,2005,09,27, , , , , , ,0, ,0, ,0
215488,99999, ,2005,09,28, , , , , , ,0, ,0, ,0
215488,99999, ,2005,09,29, , , , , , ,0.41, ,0, ,0
215488,99999, ,2005,09,30, , , , , , ,0, ,0, ,0, , , , , , , ,4.73,0

215488,99999, ,2005,10,1, , , , , , ,0, ,0, ,0
215488,99999, ,2005,10,2, , , , , , ,0, ,0, ,0
215488,99999, ,2005,10,3, , , , , , ,0, ,0, ,0
215488,99999, ,2005,10,4, , , , , , ,0, ,0, ,0
215488,99999, ,2005,10,5, , , , , , ,0, ,0, ,0
215488,99999, ,2005,10,6, , , , , , ,0.36, ,0, ,0
215488,99999, ,2005,10,7, , , , , , ,0, ,0, ,0
215488,99999, ,2005,10,8, , , , , , ,0, ,0, ,0
215488,99999, ,2005,10,9, , , , , , ,0, ,0, ,0
215488,99999, ,2005,10,10, , , , , , ,0, ,0, ,0
215488,99999, ,2005,10,11, , , , , , ,0, ,0, ,0
215488,99999, ,2005,10,12, , , , , , ,0, ,0, ,0
215488,99999, ,2005,10,13, , , , , , ,0.20, ,0, ,0
215488,99999, ,2005,10,14, , , , , , ,0.02, ,0, ,0
215488,99999, ,2005,10,15, , , , , , ,0, ,0, ,0
215488,99999, ,2005,10,16, , , , , , ,0, ,0, ,0
215488,99999, ,2005,10,17, , , , , , ,0.05, ,0, ,0
215488,99999, ,2005,10,18, , , , , , ,0, ,0, ,0
215488,99999, ,2005,10,19, , , , , , ,0, ,0, ,0
215488,99999, ,2005,10,20, , , , , , ,0, ,0, ,0
215488,99999, ,2005,10,21, , , , , , ,0, ,0, ,0
215488,99999, ,2005,10,22, , , , , , ,0.03, ,0, ,0
215488,99999, ,2005,10,23, , , , , , ,0.02, ,0, ,0
215488,99999, ,2005,10,24, , , , , , ,0.02, ,0, ,0
215488,99999, ,2005,10,25, , , , , , ,0, ,0, ,0
215488,99999, ,2005,10,26, , , , , , ,0, ,0, ,0
215488,99999, ,2005,10,27, , , , , , ,0, ,0, ,0
215488,99999, ,2005,10,28, , , , , , ,0, ,0, ,0
215488,99999, ,2005,10,29, , , , , , ,0, ,0, ,0
215488,99999, ,2005,10,30, , , , , , ,0, ,0, ,0
215488,99999, ,2005,10,31, , , , , , ,0.30, ,0, ,0, , , , , , , ,1.00,0

215488,99999, ,2005,11,1, , , , , , ,0, ,0, ,0
215488,99999, ,2005,11,2, , , , , , ,0, ,0, ,0
215488,99999, ,2005,11,3, , , , , , ,0, ,0, ,0
215488,99999, ,2005,11,4, , , , , , ,0, ,0, ,0
215488,99999, ,2005,11,5, , , , , , ,0.03, ,0, ,0
215488,99999, ,2005,11,6, , , , , , ,0, ,0, ,0
215488,99999, ,2005,11,7, , , , , , ,0, ,0, ,0
215488,99999, ,2005,11,8, , , , , , ,0, ,0, ,0
215488,99999, ,2005,11,9, , , , , , ,0, ,0, ,0
215488,99999, ,2005,11,10, , , , , , ,0, ,0, ,0
215488,99999, ,2005,11,11, , , , , , ,0, ,0, ,0
215488,99999, ,2005,11,12, , , , , , ,0, ,0, ,0
215488,99999, ,2005,11,13, , , , , , ,0.48, ,0, ,0
215488,99999, ,2005,11,14, , , , , , ,0.03, ,0, ,0
215488,99999, ,2005,11,15, , , , , , ,0.07, ,0, ,0
215488,99999, ,2005,11,16, , , , , , ,0.58, ,0, ,0
215488,99999, ,2005,11,17, , , , , , ,0.01, ,T,null,T
215488,99999, ,2005,11,18, , , , , , ,T,null,T,null,T
215488,99999, ,2005,11,19, , , , , , ,0, ,0, ,0
215488,99999, ,2005,11,20, , , , , , ,0, ,0, ,0
215488,99999, ,2005,11,21, , , , , , ,0, ,0, ,0
215488,99999, ,2005,11,22, , , , , , ,0, ,0, ,0
215488,99999, ,2005,11,23, , , , , , ,0.01, ,T,null,T
215488,99999, ,2005,11,24, , , , , , ,0, ,0, ,0
215488,99999, ,2005,11,25, , , , , , ,0, ,0, ,0
215488,99999, ,2005,11,26, , , , , , ,0.11, ,3.0, ,3
215488,99999, ,2005,11,27, , , , , , ,0.04, ,0, ,99999
215488,99999, ,2005,11,28, , , , , , ,0.62, ,0, ,99999
215488,99999, ,2005,11,29, , , , , , ,0.16, ,0, ,99999
215488,99999, ,2005,11,30, , , , , , ,0, ,0, ,0, , , , , , , ,2.14,3.0

215488,99999, ,2005,12,1, , , , , , ,0.20, ,3.0, ,3
215488,99999, ,2005,12,2, , , , , , ,0.02, ,T,null,3
215488,99999, ,2005,12,3, , , , , , ,0, ,0, ,3
215488,99999, ,2005,12,4, , , , , , ,0.15, ,3.0, ,6
215488,99999, ,2005,12,5, , , , , , ,0, ,0, ,6
215488,99999, ,2005,12,6, , , , , , ,0, ,0, ,6
215488,99999, ,2005,12,7, , , , , , ,0, ,0, ,5
215488,99999, ,2005,12,8, , , , , , ,0, ,0, ,5
215488,99999, ,2005,12,9, , , , , , ,0.03, ,T,null,4
215488,99999, ,2005,12,10, , , , , , ,0, ,0, ,3
215488,99999, ,2005,12,11, , , , , , ,0, ,0, ,3
215488,99999, ,2005,12,12, , , , , , ,0, ,0, ,3
215488,99999, ,2005,12,13, , , , , , ,0, ,0, ,3
215488,99999, ,2005,12,14, , , , , , ,0.04, ,1.0, ,4
215488,99999, ,2005,12,15, , , , , , ,0.37, ,4.0, ,8
215488,99999, ,2005,12,16, , , , , , ,T,null,T,null,8
215488,99999, ,2005,12,17, , , , , , ,0.02, ,T,null,8
215488,99999, ,2005,12,18, , , , , , ,0, ,0, ,8
215488,99999, ,2005,12,19, , , , , , ,0, ,0, ,8
215488,99999, ,2005,12,20, , , , , , ,0, ,0, ,8
215488,99999, ,2005,12,21, , , , , , ,0, ,0, ,8
215488,99999, ,2005,12,22, , , , , , ,0, ,0, ,8
215488,99999, ,2005,12,23, , , , , , ,0, ,0, ,7
215488,99999, ,2005,12,24, , , , , , ,0.02, ,0, ,6
215488,99999, ,2005,12,25, , , , , , ,0, ,0, ,5
215488,99999, ,2005,12,26, , , , , , ,0, ,0, ,4
215488,99999, ,2005,12,27, , , , , , ,0, ,0, ,4
215488,99999, ,2005,12,28, , , , , , ,0, ,0, ,3
215488,99999, ,2005,12,29, , , , , , ,0, ,0, ,3
215488,99999, ,2005,12,30, , , , , , ,0.02, ,T,null,3
215488,99999, ,2005,12,31, , , , , , ,0.15, ,0, ,3, , , , , , , ,1.02,11.0

215488,99999, ,2006,01,1, , , , , , ,0, ,0, ,3
215488,99999, ,2006,01,2, , , , , , ,0.03, ,0, ,2
215488,99999, ,2006,01,3, , , , , , ,0, ,0, ,1
215488,99999, ,2006,01,4, , , , , , ,0.20, ,0, ,1
215488,99999, ,2006,01,5, , , , , , ,0, ,0, ,1
215488,99999, ,2006,01,6, , , , , , ,0, ,0, ,1
215488,99999, ,2006,01,7, , , , , , ,0, ,0, ,0
215488,99999, ,2006,01,8, , , , , , ,0, ,0, ,0
215488,99999, ,2006,01,9, , , , , , ,0, ,0, ,0
215488,99999, ,2006,01,10, , , , , , ,0, ,0, ,0
215488,99999, ,2006,01,11, , , , , , ,0, ,0, ,0
215488,99999, ,2006,01,12, , , , , , ,0, ,0, ,0
215488,99999, ,2006,01,13, , , , , , ,0, ,0, ,0
215488,99999, ,2006,01,14, , , , , , ,0, ,0, ,0
215488,99999, ,2006,01,15, , , , , , ,0, ,0, ,0
215488,99999, ,2006,01,16, , , , , , ,0, ,0, ,0
215488,99999, ,2006,01,17, , , , , , ,T,null,T,null,0
215488,99999, ,2006,01,18, , , , , , ,0, ,0, ,0
215488,99999, ,2006,01,19, , , , , , ,0, ,0, ,0
215488,99999, ,2006,01,20, , , , , , ,0, ,0, ,0
215488,99999, ,2006,01,21, , , , , , ,0, ,0, ,0
215488,99999, ,2006,01,22, , , , , , ,0, ,0, ,0
215488,99999, ,2006,01,23, , , , , , ,0, ,0, ,0
215488,99999, ,2006,01,24, , , , , , ,0, ,0, ,0
215488,99999, ,2006,01,25, , , , , , ,0, ,0, ,0
215488,99999, ,2006,01,26, , , , , , ,0, ,0, ,0
215488,99999, ,2006,01,27, , , , , , ,0, ,0, ,0
215488,99999, ,2006,01,28, , , , , , ,0, ,0, ,0
215488,99999, ,2006,01,29, , , , , , ,0.24, ,0, ,0
215488,99999, ,2006,01,30, , , , , , ,0.06, ,0.2, ,T
215488,99999, ,2006,01,31, , , , , , ,0, ,0, ,0, , , , , , , ,0.53,0.2

215488,99999, ,2006,02,1, , , , , , ,0.05, ,0, ,0
215488,99999, ,2006,02,2, , , , , , ,0, ,0, ,0
215488,99999, ,2006,02,3, , , , , , ,0, ,0, ,0
215488,99999, ,2006,02,4, , , , , , ,0.13, ,2.0, ,2
215488,99999, ,2006,02,5, , , , , , ,0, ,0, ,2
215488,99999, ,2006,02,6, , , , , , ,0, ,0, ,1
215488,99999, ,2006,02,7, , , , , , ,0, ,0, ,0
215488,99999, ,2006,02,8, , , , , , ,0, ,0, ,0
215488,99999, ,2006,02,9, , , , , , ,0, ,0, ,0
215488,99999, ,2006,02,10, , , , , , ,0.07, ,1.0, ,1
215488,99999, ,2006,02,11, , , , , , ,0, ,0, ,1
215488,99999, ,2006,02,12, , , , , , ,0, ,0, ,1
215488,99999, ,2006,02,13, , , , , , ,0, ,0, ,1
215488,99999, ,2006,02,14, , , , , , ,0, ,0, ,1
215488,99999, ,2006,02,15, , , , , , ,0.03, ,0, ,T
215488,99999, ,2006,02,16, , , , , , ,0.05, ,1.0, ,1
215488,99999, ,2006,02,17, , , , , , ,0.32, ,6.0, ,7
215488,99999, ,2006,02,18, , , , , , ,0, ,0, ,7
215488,99999, ,2006,02,19, , , , , , ,0, ,0, ,7
215488,99999, ,2006,02,20, , , , , , ,0, ,0, ,6
215488,99999, ,2006,02,21, , , , , , ,0, ,0, ,6
215488,99999, ,2006,02,22, , , , , , ,0, ,0, ,6
215488,99999, ,2006,02,23, , , , , , ,0.01, ,T,null,4
215488,99999, ,2006,02,24, , , , , , ,0, ,0, ,3
215488,99999, ,2006,02,25, , , , , , ,0, ,0, ,2
215488,99999, ,2006,02,26, , , , , , ,0, ,0, ,1
215488,99999, ,2006,02,27, , , , , , ,0, ,0, ,1
215488,99999, ,2006,02,28, , , , , , ,0, ,0, ,1, , , , , , , ,0.66,10.0

215488,99999, ,2006,03,1, , , , , , ,0, ,0, ,0
215488,99999, ,2006,03,2, , , , , , ,0.01, ,T,null,0
215488,99999, ,2006,03,3, , , , , , ,0, ,0, ,0
215488,99999, ,2006,03,4, , , , , , ,0, ,0, ,0
215488,99999, ,2006,03,5, , , , , , ,0, ,0, ,0
215488,99999, ,2006,03,6, , , , , , ,0.25, ,4.0, ,3
215488,99999, ,2006,03,7, , , , , , ,0, ,0, ,3
215488,99999, ,2006,03,8, , , , , , ,1.08, ,0, ,0
215488,99999, ,2006,03,9, , , , , , ,0.27, ,0, ,0
215488,99999, ,2006,03,10, , , , , , ,0, ,0, ,0
215488,99999, ,2006,03,11, , , , , , ,0, ,0, ,0
215488,99999, ,2006,03,12, , , , , , ,0, ,0, ,0
215488,99999, ,2006,03,13, , , , , , ,0.13, ,0, ,0
215488,99999, ,2006,03,14, , , , , , ,0.70, ,3.0, ,3
215488,99999, ,2006,03,15, , , , , , ,0, ,0, ,3
215488,99999, ,2006,03,16, , , , , , ,0.10, ,1.0, ,4
215488,99999, ,2006,03,17, , , , , , ,0.25, ,0, ,3
215488,99999, ,2006,03,18, , , , , , ,0, ,0, ,3
215488,99999, ,2006,03,19, , , , , , ,0, ,0, ,3
215488,99999, ,2006,03,20, , , , , , ,999.99,null,9999.9,null,4
215488,99999, ,2006,03,21, , , , , , ,0, ,0, ,3
215488,99999, ,2006,03,22, , , , , , ,0, ,0, ,2
215488,99999, ,2006,03,23, , , , , , ,0, ,0, ,1
215488,99999, ,2006,03,24, , , , , , ,T,null,0, ,0
215488,99999, ,2006,03,25, , , , , , ,0, ,0, ,0
215488,99999, ,2006,03,26, , , , , , ,0, ,0, ,0
215488,99999, ,2006,03,27, , , , , , ,0, ,0, ,0
215488,99999, ,2006,03,28, , , , , , ,0, ,0, ,0
215488,99999, ,2006,03,29, , , , , , ,0.08, ,0, ,0
215488,99999, ,2006,03,30, , , , , , ,0.08, ,0, ,0
215488,99999, ,2006,03,31, , , , , , ,0.80, ,0, ,0, , , , , , , ,3.75,8.0

215488,99999, ,2006,04,1, , , , , , ,0.37, ,0, ,0
215488,99999, ,2006,04,2, , , , , , ,0, ,0, ,0
215488,99999, ,2006,04,3, , , , , , ,0.74, ,0, ,0
215488,99999, ,2006,04,4, , , , , , ,0, ,0, ,0
215488,99999, ,2006,04,5, , , , , , ,0, ,0, ,0
215488,99999, ,2006,04,6, , , , , , ,0, ,0, ,0
215488,99999, ,2006,04,7, , , , , , ,0.23, ,0, ,0
215488,99999, ,2006,04,8, , , , , , ,0.14, ,0, ,0
215488,99999, ,2006,04,9, , , , , , ,0, ,0, ,0
215488,99999, ,2006,04,10, , , , , , ,0, ,0, ,0
215488,99999, ,2006,04,11, , , , , , ,0, ,0, ,0
215488,99999, ,2006,04,12, , , , , , ,0, ,0, ,0
215488,99999, ,2006,04,13, , , , , , ,0, ,0, ,0
215488,99999, ,2006,04,14, , , , , , ,0.02, ,0, ,0
215488,99999, ,2006,04,15, , , , , , ,0, ,0, ,0
215488,99999, ,2006,04,16, , , , , , ,0.08, ,0, ,0
215488,99999, ,2006,04,17, , , , , , ,0.20, ,0, ,0
215488,99999, ,2006,04,18, , , , , , ,0, ,0, ,0
215488,99999, ,2006,04,19, , , , , , ,0.03, ,0, ,0
215488,99999, ,2006,04,20, , , , , , ,0, ,0, ,0
215488,99999, ,2006,04,21, , , , , , ,0.04, ,0, ,0
215488,99999, ,2006,04,22, , , , , , ,0.10, ,0, ,0
215488,99999, ,2006,04,23, , , , , , ,0.02, ,0, ,0
215488,99999, ,2006,04,24, , , , , , ,0, ,0, ,0
215488,99999, ,2006,04,25, , , , , , ,0.02, ,0, ,0
215488,99999, ,2006,04,26, , , , , , ,0, ,0, ,0
215488,99999, ,2006,04,27, , , , , , ,0, ,0, ,0
215488,99999, ,2006,04,28, , , , , , ,0, ,0, ,0
215488,99999, ,2006,04,29, , , , , , ,0.02, ,0, ,0
215488,99999, ,2006,04,30, , , , , , ,0.60, ,0, ,0, , , , , , , ,2.61,0

215488,99999, ,2006,05,1, , , , , , ,0.56, ,0, ,0
215488,99999, ,2006,05,2, , , , , , ,0.31, ,0, ,0
215488,99999, ,2006,05,3, , , , , , ,0.05, ,0, ,0
215488,99999, ,2006,05,4, , , , , , ,0, ,0, ,0
215488,99999, ,2006,05,5, , , , , , ,0, ,0, ,0
215488,99999, ,2006,05,6, , , , , , ,0, ,0, ,0
215488,99999, ,2006,05,7, , , , , , ,0, ,0, ,0
215488,99999, ,2006,05,8, , , , , , ,0, ,0, ,0
215488,99999, ,2006,05,9, , , , , , ,0.45, ,0, ,0
215488,99999, ,2006,05,10, , , , , , ,1.00, ,0, ,0
215488,99999, ,2006,05,11, , , , , , ,0, ,0, ,0
215488,99999, ,2006,05,12, , , , , , ,0.25, ,0, ,0
215488,99999, ,2006,05,13, , , , , , ,0.25, ,0, ,0
215488,99999, ,2006,05,14, , , , , , ,0.07, ,0, ,0
215488,99999, ,2006,05,15, , , , , , ,0.21, ,0, ,0
215488,99999, ,2006,05,16, , , , , , ,0.07, ,0, ,0
215488,99999, ,2006,05,17, , , , , , ,0, ,0, ,0
215488,99999, ,2006,05,18, , , , , , ,0, ,0, ,0
215488,99999, ,2006,05,19, , , , , , ,0, ,0, ,0
215488,99999, ,2006,05,20, , , , , , ,0, ,0, ,0
215488,99999, ,2006,05,21, , , , , , ,0, ,0, ,0
215488,99999, ,2006,05,22, , , , , , ,0, ,0, ,0
215488,99999, ,2006,05,23, , , , , , ,0, ,0, ,0
215488,99999, ,2006,05,24, , , , , , ,0.37, ,0, ,0
215488,99999, ,2006,05,25, , , , , , ,0, ,0, ,0
215488,99999, ,2006,05,26, , , , , , ,0.03, ,0, ,0
215488,99999, ,2006,05,27, , , , , , ,0.06, ,0, ,0
215488,99999, ,2006,05,28, , , , , , ,0, ,0, ,0
215488,99999, ,2006,05,29, , , , , , ,0, ,0, ,0
215488,99999, ,2006,05,30, , , , , , ,0.24, ,0, ,0
215488,99999, ,2006,05,31, , , , , , ,0.02, ,0, ,0, , , , , , , ,3.94,0

215488,99999, ,2006,06,1, , , , , , ,0, ,0, ,0
215488,99999, ,2006,06,2, , , , , , ,0, ,0, ,0
215488,99999, ,2006,06,3, , , , , , ,0, ,0, ,0
215488,99999, ,2006,06,4, , , , , , ,0, ,0, ,0
215488,99999, ,2006,06,5, , , , , , ,0, ,0, ,0
215488,99999, ,2006,06,6, , , , , , ,1.46, ,0, ,0
215488,99999, ,2006,06,7, , , , , , ,0, ,0, ,0
215488,99999, ,2006,06,8, , , , , , ,0, ,0, ,0
215488,99999, ,2006,06,9, , , , , , ,0, ,0, ,0
215488,99999, ,2006,06,10, , , , , , ,0.38, ,0, ,0
215488,99999, ,2006,06,11, , , , , , ,0.10, ,0, ,0
215488,99999, ,2006,06,12, , , , , , ,0, ,0, ,0
215488,99999, ,2006,06,13, , , , , , ,0, ,0, ,0
215488,99999, ,2006,06,14, , , , , , ,0, ,0, ,0
215488,99999, ,2006,06,15, , , , , , ,0, ,0, ,0
215488,99999, ,2006,06,16, , , , , , ,0, ,0, ,0
215488,99999, ,2006,06,17, , , , , , ,0.27, ,0, ,0
215488,99999, ,2006,06,18, , , , , , ,0, ,0, ,0
215488,99999, ,2006,06,19, , , , , , ,0, ,0, ,0
215488,99999, ,2006,06,20, , , , , , ,0, ,0, ,0
215488,99999, ,2006,06,21, , , , , , ,0.02, ,0, ,0
215488,99999, ,2006,06,22, , , , , , ,0, ,0, ,0
215488,99999, ,2006,06,23, , , , , , ,0, ,0, ,0
215488,99999, ,2006,06,24, , , , , , ,0, ,0, ,0
215488,99999, ,2006,06,25, , , , , , ,0.04, ,0, ,0
215488,99999, ,2006,06,26, , , , , , ,0.83, ,0, ,0
215488,99999, ,2006,06,27, , , , , , ,0, ,0, ,0
215488,99999, ,2006,06,28, , , , , , ,0, ,0, ,0
215488,99999, ,2006,06,29, , , , , , ,0, ,0, ,0
215488,99999, ,2006,06,30, , , , , , ,0, ,0, ,0, , , , , , , ,3.10,0

215488,99999, ,2006,07,1, , , , , , ,0, ,0, ,0
215488,99999, ,2006,07,2, , , , , , ,0, ,0, ,0
215488,99999, ,2006,07,3, , , , , , ,0, ,0, ,0
215488,99999, ,2006,07,4, , , , , , ,0, ,0, ,0
215488,99999, ,2006,07,5, , , , , , ,0, ,0, ,0
215488,99999, ,2006,07,6, , , , , , ,0, ,0, ,0
215488,99999, ,2006,07,7, , , , , , ,0, ,0, ,0
215488,99999, ,2006,07,8, , , , , , ,0, ,0, ,0
215488,99999, ,2006,07,9, , , , , , ,0.01, ,0, ,0
215488,99999, ,2006,07,10, , , , , , ,0, ,0, ,0
215488,99999, ,2006,07,11, , , , , , ,0, ,0, ,0
215488,99999, ,2006,07,12, , , , , , ,0.02, ,0, ,0
215488,99999, ,2006,07,13, , , , , , ,0, ,0, ,0
215488,99999, ,2006,07,14, , , , , , ,0.04, ,0, ,0
215488,99999, ,2006,07,15, , , , , , ,0, ,0, ,0
215488,99999, ,2006,07,16, , , , , , ,0, ,0, ,0
215488,99999, ,2006,07,17, , , , , , ,0, ,0, ,0
215488,99999, ,2006,07,18, , , , , , ,0, ,0, ,0
215488,99999, ,2006,07,19, , , , , , ,0, ,0, ,0
215488,99999, ,2006,07,20, , , , , , ,0.77, ,0, ,0
215488,99999, ,2006,07,21, , , , , , ,0, ,0, ,0
215488,99999, ,2006,07,22, , , , , , ,0.04, ,0, ,0
215488,99999, ,2006,07,23, , , , , , ,0.10, ,0, ,0
215488,99999, ,2006,07,24, , , , , , ,0, ,0, ,0
215488,99999, ,2006,07,25, , , , , , ,0.95, ,0, ,0
215488,99999, ,2006,07,26, , , , , , ,0, ,0, ,0
215488,99999, ,2006,07,27, , , , , , ,0, ,0, ,0
215488,99999, ,2006,07,28, , , , , , ,0, ,0, ,0
215488,99999, ,2006,07,29, , , , , , ,0, ,0, ,0
215488,99999, ,2006,07,30, , , , , , ,0, ,0, ,0
215488,99999, ,2006,07,31, , , , , , ,0, ,0, ,0, , , , , , , ,1.93,0

215488,99999, ,2006,08,1, , , , , , ,0, ,0, ,0
215488,99999, ,2006,08,2, , , , , , ,1.26, ,0, ,0
215488,99999, ,2006,08,3, , , , , , ,0.13, ,0, ,0
215488,99999, ,2006,08,4, , , , , , ,0, ,0, ,0
215488,99999, ,2006,08,5, , , , , , ,0, ,0, ,0
215488,99999, ,2006,08,6, , , , , , ,0.23, ,0, ,0
215488,99999, ,2006,08,7, , , , , , ,0, ,0, ,0
215488,99999, ,2006,08,8, , , , , , ,0, ,0, ,0
215488,99999, ,2006,08,9, , , , , , ,0, ,0, ,0
215488,99999, ,2006,08,10, , , , , , ,0, ,0, ,0
215488,99999, ,2006,08,11, , , , , , ,0, ,0, ,0
215488,99999, ,2006,08,12, , , , , , ,0, ,0, ,0
215488,99999, ,2006,08,13, , , , , , ,0, ,0, ,0
215488,99999, ,2006,08,14, , , , , , ,1.36, ,0, ,0
215488,99999, ,2006,08,15, , , , , , ,0, ,0, ,0
215488,99999, ,2006,08,16, , , , , , ,0, ,0, ,0
215488,99999, ,2006,08,17, , , , , , ,0.17, ,0, ,0
215488,99999, ,2006,08,18, , , , , , ,0.68, ,0, ,0
215488,99999, ,2006,08,19, , , , , , ,0, ,0, ,0
215488,99999, ,2006,08,20, , , , , , ,0, ,0, ,0
215488,99999, ,2006,08,21, , , , , , ,0, ,0, ,0
215488,99999, ,2006,08,22, , , , , , ,0, ,0, ,0
215488,99999, ,2006,08,23, , , , , , ,0, ,0, ,0
215488,99999, ,2006,08,24, , , , , , ,0.35, ,0, ,0
215488,99999, ,2006,08,25, , , , , , ,0.65, ,0, ,0
215488,99999, ,2006,08,26, , , , , , ,0.03, ,0, ,0
215488,99999, ,2006,08,27, , , , , , ,0, ,0, ,0
215488,99999, ,2006,08,28, , , , , , ,0, ,0, ,0
215488,99999, ,2006,08,29, , , , , , ,0, ,0, ,0
215488,99999, ,2006,08,30, , , , , , ,0, ,0, ,0
215488,99999, ,2006,08,31, , , , , , ,0, ,0, ,0, , , , , , , ,4.86,0

215488,99999, ,2006,09,1, , , , , , ,0, ,0, ,0
215488,99999, ,2006,09,2, , , , , , ,0, ,0, ,0
215488,99999, ,2006,09,3, , , , , , ,0, ,0, ,0
215488,99999, ,2006,09,4, , , , , , ,0.11, ,0, ,0
215488,99999, ,2006,09,5, , , , , , ,0, ,0, ,0
215488,99999, ,2006,09,6, , , , , , ,0, ,0, ,0
215488,99999, ,2006,09,7, , , , , , ,0, ,0, ,0
215488,99999, ,2006,09,8, , , , , , ,0, ,0, ,0
215488,99999, ,2006,09,9, , , , , , ,0, ,0, ,0
215488,99999, ,2006,09,10, , , , , , ,0, ,0, ,0
215488,99999, ,2006,09,11, , , , , , ,0.54, ,0, ,0
215488,99999, ,2006,09,12, , , , , , ,0.37, ,0, ,0
215488,99999, ,2006,09,13, , , , , , ,0.04, ,0, ,0
215488,99999, ,2006,09,14, , , , , , ,0, ,0, ,0
215488,99999, ,2006,09,15, , , , , , ,0, ,0, ,0
215488,99999, ,2006,09,16, , , , , , ,0, ,0, ,0
215488,99999, ,2006,09,17, , , , , , ,0.78, ,0, ,0
215488,99999, ,2006,09,18, , , , , , ,0.02, ,0, ,0
215488,99999, ,2006,09,19, , , , , , ,0.05, ,0, ,0
215488,99999, ,2006,09,20, , , , , , ,0, ,0, ,0
215488,99999, ,2006,09,21, , , , , , ,0, ,0, ,0
215488,99999, ,2006,09,22, , , , , , ,0.35, ,0, ,0
215488,99999, ,2006,09,23, , , , , , ,0.10, ,0, ,0
215488,99999, ,2006,09,24, , , , , , ,0.15, ,0, ,0
215488,99999, ,2006,09,25, , , , , , ,0, ,0, ,0
215488,99999, ,2006,09,26, , , , , , ,0, ,0, ,0
215488,99999, ,2006,09,27, , , , , , ,0.19, ,0, ,0
215488,99999, ,2006,09,28, , , , , , ,0.06, ,0, ,0
215488,99999, ,2006,09,29, , , , , , ,0, ,0, ,0
215488,99999, ,2006,09,30, , , , , , ,0, ,0, ,0, , , , , , , ,2.76,0

215488,99999, ,2006,10,1, , , , , , ,0, ,0, ,0
215488,99999, ,2006,10,2, , , , , , ,0, ,0, ,0
215488,99999, ,2006,10,3, , , , , , ,0, ,0, ,0
215488,99999, ,2006,10,4, , , , , , ,0.13, ,0, ,0
215488,99999, ,2006,10,5, , , , , , ,0, ,0, ,0
215488,99999, ,2006,10,6, , , , , , ,0, ,0, ,0
215488,99999, ,2006,10,7, , , , , , ,0, ,0, ,0
215488,99999, ,2006,10,8, , , , , , ,0, ,0, ,0
215488,99999, ,2006,10,9, , , , , , ,0, ,0, ,0
215488,99999, ,2006,10,10, , , , , , ,0, ,0, ,0
215488,99999, ,2006,10,11, , , , , , ,0.08, ,0, ,0
215488,99999, ,2006,10,12, , , , , , ,0.13, ,0, ,0
215488,99999, ,2006,10,13, , , , , , ,0, ,0, ,0
215488,99999, ,2006,10,14, , , , , , ,0, ,0, ,0
215488,99999, ,2006,10,15, , , , , , ,0, ,0, ,0
215488,99999, ,2006,10,16, , , , , , ,0.01, ,0, ,0
215488,99999, ,2006,10,17, , , , , , ,0.27, ,0, ,0
215488,99999, ,2006,10,18, , , , , , ,0, ,0, ,0
215488,99999, ,2006,10,19, , , , , , ,0.07, ,0, ,0
215488,99999, ,2006,10,20, , , , , , ,0, ,0, ,0
215488,99999, ,2006,10,21, , , , , , ,0.02, ,0, ,0
215488,99999, ,2006,10,22, , , , , , ,0, ,0, ,0
215488,99999, ,2006,10,23, , , , , , ,T,null,T,null,T
215488,99999, ,2006,10,24, , , , , , ,T,null,T,null,T
215488,99999, ,2006,10,25, , , , , , ,0, ,0, ,0
215488,99999, ,2006,10,26, , , , , , ,0, ,0, ,0
215488,99999, ,2006,10,27, , , , , , ,0, ,0, ,0
215488,99999, ,2006,10,28, , , , , , ,0, ,0, ,0
215488,99999, ,2006,10,29, , , , , , ,0, ,0, ,0
215488,99999, ,2006,10,30, , , , , , ,0, ,0, ,0
215488,99999, ,2006,10,31, , , , , , ,0, ,0, ,0, , , , , , , ,0.71,0

215488,99999, ,2006,11,1, , , , , , ,0, ,0, ,0
215488,99999, ,2006,11,2, , , , , , ,0, ,0, ,0
215488,99999, ,2006,11,3, , , , , , ,0, ,0, ,0
215488,99999, ,2006,11,4, , , , , , ,0, ,0, ,0
215488,99999, ,2006,11,5, , , , , , ,0.04, ,0, ,0
215488,99999, ,2006,11,6, , , , , , ,0, ,0, ,0
215488,99999, ,2006,11,7, , , , , , ,0, ,0, ,0
215488,99999, ,2006,11,8, , , , , , ,0, ,0, ,0
215488,99999, ,2006,11,9, , , , , , ,0, ,0, ,0
215488,99999, ,2006,11,10, , , , , , ,0, ,0, ,0
215488,99999, ,2006,11,11, , , , , , ,0.70, ,7.0, ,7
215488,99999, ,2006,11,12, , , , , , ,0, ,0, ,6
215488,99999, ,2006,11,13, , , , , , ,0.47, ,0, ,3
215488,99999, ,2006,11,14, , , , , , ,0, ,0, ,3
215488,99999, ,2006,11,15, , , , , , ,0, ,0, ,1
215488,99999, ,2006,11,16, , , , , , ,0, ,0, ,0
215488,99999, ,2006,11,17, , , , , , ,0, ,0, ,0
215488,99999, ,2006,11,18, , , , , , ,0, ,0, ,0
215488,99999, ,2006,11,19, , , , , , ,0, ,0, ,0
215488,99999, ,2006,11,20, , , , , , ,0, ,0, ,0
215488,99999, ,2006,11,21, , , , , , ,0, ,0, ,0
215488,99999, ,2006,11,22, , , , , , ,0, ,0, ,0
215488,99999, ,2006,11,23, , , , , , ,0, ,0, ,0
215488,99999, ,2006,11,24, , , , , , ,0, ,0, ,0
215488,99999, ,2006,11,25, , , , , , ,0, ,0, ,0
215488,99999, ,2006,11,26, , , , , , ,0, ,0, ,0
215488,99999, ,2006,11,27, , , , , , ,0.17, ,0, ,0
215488,99999, ,2006,11,28, , , , , , ,0.40, ,0, ,0
215488,99999, ,2006,11,29, , , , , , ,0.90, ,0, ,0
215488,99999, ,2006,11,30, , , , , , ,0, ,0, ,0, , , , , , , ,2.68,7.0

215488,99999, ,2006,12,1, , , , , , ,0, ,0, ,0
215488,99999, ,2006,12,2, , , , , , ,0, ,0, ,0
215488,99999, ,2006,12,3, , , , , , ,0, ,0, ,0
215488,99999, ,2006,12,4, , , , , , ,0, ,0, ,0
215488,99999, ,2006,12,5, , , , , , ,0, ,0, ,0
215488,99999, ,2006,12,6, , , , , , ,0, ,0, ,0
215488,99999, ,2006,12,7, , , , , , ,0, ,0, ,0
215488,99999, ,2006,12,8, , , , , , ,0, ,0, ,0
215488,99999, ,2006,12,9, , , , , , ,0, ,0, ,0
215488,99999, ,2006,12,10, , , , , , ,0, ,0, ,0
215488,99999, ,2006,12,11, , , , , , ,0, ,0, ,0
215488,99999, ,2006,12,12, , , , , , ,0.35, ,0, ,0
215488,99999, ,2006,12,13, , , , , , ,0, ,0, ,0
215488,99999, ,2006,12,14, , , , , , ,0, ,0, ,0
215488,99999, ,2006,12,15, , , , , , ,0.02, ,0, ,0
215488,99999, ,2006,12,16, , , , , , ,0, ,0, ,0
215488,99999, ,2006,12,17, , , , , , ,0, ,0, ,0
215488,99999, ,2006,12,18, , , , , , ,0, ,0, ,0
215488,99999, ,2006,12,19, , , , , , ,0, ,0, ,0
215488,99999, ,2006,12,20, , , , , , ,0, ,0, ,0
215488,99999, ,2006,12,21, , , , , , ,0, ,0, ,0
215488,99999, ,2006,12,22, , , , , , ,0.65, ,0, ,0
215488,99999, ,2006,12,23, , , , , , ,0.04, ,0, ,0
215488,99999, ,2006,12,24, , , , , , ,0, ,0, ,0
215488,99999, ,2006,12,25, , , , , , ,0, ,0, ,0
215488,99999, ,2006,12,26, , , , , , ,0, ,0, ,0
215488,99999, ,2006,12,27, , , , , , ,0, ,0, ,0
215488,99999, ,2006,12,28, , , , , , ,T,null,0, ,0
215488,99999, ,2006,12,29, , , , , , ,0, ,0, ,0
215488,99999, ,2006,12,30, , , , , , ,0.07, ,0, ,0
215488,99999, ,2006,12,31, , , , , , ,0.25, ,0, ,0, , , , , , , ,1.38,0

215488,99999, ,2007,01,1, , , , , , ,0.83, ,0.4, ,T
215488,99999, ,2007,01,2, , , , , , ,0, ,0, ,T
215488,99999, ,2007,01,3, , , , , , ,0, ,0, ,T
215488,99999, ,2007,01,4, , , , , , ,0, ,0, ,T
215488,99999, ,2007,01,5, , , , , , ,0, ,0, ,T
215488,99999, ,2007,01,6, , , , , , ,0, ,0, ,0
215488,99999, ,2007,01,7, , , , , , ,0, ,0, ,0
215488,99999, ,2007,01,8, , , , , , ,0, ,0, ,0
215488,99999, ,2007,01,9, , , , , , ,0, ,0, ,0
215488,99999, ,2007,01,10, , , , , , ,0, ,0, ,0
215488,99999, ,2007,01,11, , , , , , ,0, ,0, ,0
215488,99999, ,2007,01,12, , , , , , ,0, ,0, ,0
215488,99999, ,2007,01,13, , , , , , ,0, ,0, ,0
215488,99999, ,2007,01,14, , , , , , ,0, ,0, ,0
215488,99999, ,2007,01,15, , , , , , ,0.30, ,5.0, ,5
215488,99999, ,2007,01,16, , , , , , ,0.01, ,T,null,5
215488,99999, ,2007,01,17, , , , , , ,0, ,0, ,5
215488,99999, ,2007,01,18, , , , , , ,0, ,0, ,5
215488,99999, ,2007,01,19, , , , , , ,0.01, ,T,null,5
215488,99999, ,2007,01,20, , , , , , ,0, ,0, ,5
215488,99999, ,2007,01,21, , , , , , ,0, ,0, ,4
215488,99999, ,2007,01,22, , , , , , ,0.17, ,2.0, ,6
215488,99999, ,2007,01,23, , , , , , ,0, ,0, ,6
215488,99999, ,2007,01,24, , , , , , ,0, ,0, ,6
215488,99999, ,2007,01,25, , , , , , ,0, ,0, ,6
215488,99999, ,2007,01,26, , , , , , ,0, ,0, ,6
215488,99999, ,2007,01,27, , , , , , ,0, ,0, ,5
215488,99999, ,2007,01,28, , , , , , ,T,null,T,null,5
215488,99999, ,2007,01,29, , , , , , ,0.03, ,T,null,5
215488,99999, ,2007,01,30, , , , , , ,0.01, ,T,null,4
215488,99999, ,2007,01,31, , , , , , ,0, ,0, ,4, , , , , , , ,1.36,7.4

215488,99999, ,2007,02,1, , , , , , ,0.01, ,0.3, ,4
215488,99999, ,2007,02,2, , , , , , ,T,null,T,null,4
215488,99999, ,2007,02,3, , , , , , ,T,null,T,null,4
215488,99999, ,2007,02,4, , , , , , ,0, ,0, ,4
215488,99999, ,2007,02,5, , , , , , ,0, ,0, ,4
215488,99999, ,2007,02,6, , , , , , ,0, ,0, ,4
215488,99999, ,2007,02,7, , , , , , ,0.07, ,1.0, ,5
215488,99999, ,2007,02,8, , , , , , ,0, ,0, ,5
215488,99999, ,2007,02,9, , , , , , ,0, ,0, ,5
215488,99999, ,2007,02,10, , , , , , ,0, ,0, ,5
215488,99999, ,2007,02,11, , , , , , ,0, ,0, ,5
215488,99999, ,2007,02,12, , , , , , ,0, ,0, ,5
215488,99999, ,2007,02,13, , , , , , ,0, ,0, ,5
215488,99999, ,2007,02,14, , , , , , ,0, ,0, ,5
215488,99999, ,2007,02,15, , , , , , ,0, ,0, ,5
215488,99999, ,2007,02,16, , , , , , ,0, ,0, ,5
215488,99999, ,2007,02,17, , , , , , ,0, ,0, ,5
215488,99999, ,2007,02,18, , , , , , ,0, ,0, ,5
215488,99999, ,2007,02,19, , , , , , ,0, ,0, ,4
215488,99999, ,2007,02,20, , , , , , ,0, ,0, ,4
215488,99999, ,2007,02,21, , , , , , ,0, ,0, ,3
215488,99999, ,2007,02,22, , , , , , ,0, ,0, ,1
215488,99999, ,2007,02,23, , , , , , ,0, ,0, ,0
215488,99999, ,2007,02,24, , , , , , ,0.53, ,10.0, ,10
215488,99999, ,2007,02,25, , , , , , ,0.54, ,6.0, ,16
215488,99999, ,2007,02,26, , , , , , ,0.18, ,3.0, ,17
215488,99999, ,2007,02,27, , , , , , ,0.06, ,T,null,17
215488,99999, ,2007,02,28, , , , , , ,0, ,0, ,17, , , , , , , ,1.39,20.3

215488,99999, ,2007,03,1, , , , , , ,0.10, ,T,null,16
215488,99999, ,2007,03,2, , , , , , ,0.45, ,4.0, ,20
215488,99999, ,2007,03,3, , , , , , ,0.12, ,2.0, ,22
215488,99999, ,2007,03,4, , , , , , ,0, ,0, ,22
215488,99999, ,2007,03,5, , , , , , ,0, ,0, ,21
215488,99999, ,2007,03,6, , , , , , ,0, ,0, ,18
215488,99999, ,2007,03,7, , , , , , ,T,null,T,null,17
215488,99999, ,2007,03,8, , , , , , ,0, ,0, ,16
215488,99999, ,2007,03,9, , , , , , ,0, ,0, ,14
215488,99999, ,2007,03,10, , , , , , ,0, ,0, ,12
215488,99999, ,2007,03,11, , , , , , ,0, ,0, ,10
215488,99999, ,2007,03,12, , , , , , ,0, ,0, ,6
215488,99999, ,2007,03,13, , , , , , ,0, ,0, ,4
215488,99999, ,2007,03,14, , , , , , ,0, ,0, ,3
215488,99999, ,2007,03,15, , , , , , ,0, ,0, ,1
215488,99999, ,2007,03,16, , , , , , ,0, ,0, ,1
215488,99999, ,2007,03,17, , , , , , ,0, ,0, ,1
215488,99999, ,2007,03,18, , , , , , ,0, ,0, ,0
215488,99999, ,2007,03,19, , , , , , ,0, ,0, ,0
215488,99999, ,2007,03,20, , , , , , ,0, ,0, ,0
215488,99999, ,2007,03,21, , , , , , ,0, ,0, ,0
215488,99999, ,2007,03,22, , , , , , ,0.21, ,0, ,0
215488,99999, ,2007,03,23, , , , , , ,0, ,0, ,0
215488,99999, ,2007,03,24, , , , , , ,0, ,0, ,0
215488,99999, ,2007,03,25, , , , , , ,0.16, ,0, ,0
215488,99999, ,2007,03,26, , , , , , ,0, ,0, ,0
215488,99999, ,2007,03,27, , , , , , ,0, ,0, ,0
215488,99999, ,2007,03,28, , , , , , ,0.18, ,0, ,0
215488,99999, ,2007,03,29, , , , , , ,0.05, ,0, ,0
215488,99999, ,2007,03,30, , , , , , ,0.20, ,0, ,0
215488,99999, ,2007,03,31, , , , , , ,1.20, ,0, ,0, , , , , , , ,2.67,6.0

215488,99999, ,2007,04,1, , , , , , ,0.30, ,0, ,0
215488,99999, ,2007,04,2, , , , , , ,0.10, ,0, ,0
215488,99999, ,2007,04,3, , , , , , ,0, ,0, ,0
215488,99999, ,2007,04,4, , , , , , ,0.14, ,T,null,T
215488,99999, ,2007,04,5, , , , , , ,0, ,0, ,0
215488,99999, ,2007,04,6, , , , , , ,0, ,0, ,0
215488,99999, ,2007,04,7, , , , , , ,0, ,0, ,0
215488,99999, ,2007,04,8, , , , , , ,0, ,0, ,0
215488,99999, ,2007,04,9, , , , , , ,0, ,0, ,0
215488,99999, ,2007,04,10, , , , , , ,0, ,0, ,0
215488,99999, ,2007,04,11, , , , , , ,0.16, ,0, ,0
215488,99999, ,2007,04,12, , , , , , ,0.25, ,3.0, ,3
215488,99999, ,2007,04,13, , , , , , ,0, ,0, ,0
215488,99999, ,2007,04,14, , , , , , ,0, ,0, ,0
215488,99999, ,2007,04,15, , , , , , ,0, ,0, ,0
215488,99999, ,2007,04,16, , , , , , ,0, ,0, ,0
215488,99999, ,2007,04,17, , , , , , ,0, ,0, ,0
215488,99999, ,2007,04,18, , , , , , ,0, ,0, ,0
215488,99999, ,2007,04,19, , , , , , ,0, ,0, ,0
215488,99999, ,2007,04,20, , , , , , ,0, ,0, ,0
215488,99999, ,2007,04,21, , , , , , ,0, ,0, ,0
215488,99999, ,2007,04,22, , , , , , ,0, ,0, ,0
215488,99999, ,2007,04,23, , , , , , ,0.21, ,0, ,0
215488,99999, ,2007,04,24, , , , , , ,0, ,0, ,0
215488,99999, ,2007,04,25, , , , , , ,0, ,0, ,0
215488,99999, ,2007,04,26, , , , , , ,0.04, ,0, ,0
215488,99999, ,2007,04,27, , , , , , ,0, ,0, ,0
215488,99999, ,2007,04,28, , , , , , ,0, ,0, ,0
215488,99999, ,2007,04,29, , , , , , ,0, ,0, ,0
215488,99999, ,2007,04,30, , , , , , ,0, ,0, ,0, , , , , , , ,1.20,3.0

215488,99999, ,2007,05,1, , , , , , ,0.65, ,0, ,0
215488,99999, ,2007,05,2, , , , , , ,0, ,0, ,0
215488,99999, ,2007,05,3, , , , , , ,0, ,0, ,0
215488,99999, ,2007,05,4, , , , , , ,0, ,0, ,0
215488,99999, ,2007,05,5, , , , , , ,0.02, ,0, ,0
215488,99999, ,2007,05,6, , , , , , ,0, ,0, ,0
215488,99999, ,2007,05,7, , , , , , ,T,null,0, ,0
215488,99999, ,2007,05,8, , , , , , ,0, ,0, ,0
215488,99999, ,2007,05,9, , , , , , ,0, ,0, ,0
215488,99999, ,2007,05,10, , , , , , ,0, ,0, ,0
215488,99999, ,2007,05,11, , , , , , ,0, ,0, ,0
215488,99999, ,2007,05,12, , , , , , ,0, ,0, ,0
215488,99999, ,2007,05,13, , , , , , ,0.25, ,0, ,0
215488,99999, ,2007,05,14, , , , , , ,0.05, ,0, ,0
215488,99999, ,2007,05,15, , , , , , ,0, ,0, ,0
215488,99999, ,2007,05,16, , , , , , ,0, ,0, ,0
215488,99999, ,2007,05,17, , , , , , ,0, ,0, ,0
215488,99999, ,2007,05,18, , , , , , ,0, ,0, ,0
215488,99999, ,2007,05,19, , , , , , ,0, ,0, ,0
215488,99999, ,2007,05,20, , , , , , ,0, ,0, ,0
215488,99999, ,2007,05,21, , , , , , ,0, ,0, ,0
215488,99999, ,2007,05,22, , , , , , ,0.41, ,0, ,0
215488,99999, ,2007,05,23, , , , , , ,0.04, ,0, ,0
215488,99999, ,2007,05,24, , , , , , ,0.49, ,0, ,0
215488,99999, ,2007,05,25, , , , , , ,0.28, ,0, ,0
215488,99999, ,2007,05,26, , , , , , ,0, ,0, ,0
215488,99999, ,2007,05,27, , , , , , ,0.03, ,0, ,0
215488,99999, ,2007,05,28, , , , , , ,0, ,0, ,0
215488,99999, ,2007,05,29, , , , , , ,0, ,0, ,0
215488,99999, ,2007,05,30, , , , , , ,0, ,0, ,0
215488,99999, ,2007,05,31, , , , , , ,0.50, ,0, ,0, , , , , , , ,2.72,0

215488,99999, ,2007,06,1, , , , , , ,0, ,0, ,0
215488,99999, ,2007,06,2, , , , , , ,0.51, ,0, ,0
215488,99999, ,2007,06,3, , , , , , ,0.43, ,0, ,0
215488,99999, ,2007,06,4, , , , , , ,0.21, ,0, ,0
215488,99999, ,2007,06,5, , , , , , ,0.30, ,0, ,0
215488,99999, ,2007,06,6, , , , , , ,0, ,0, ,0
215488,99999, ,2007,06,7, , , , , , ,0.25, ,0, ,0
215488,99999, ,2007,06,8, , , , , , ,0, ,0, ,0
215488,99999, ,2007,06,9, , , , , , ,0, ,0, ,0
215488,99999, ,2007,06,10, , , , , , ,0, ,0, ,0
215488,99999, ,2007,06,11, , , , , , ,0, ,0, ,0
215488,99999, ,2007,06,12, , , , , , ,0, ,0, ,0
215488,99999, ,2007,06,13, , , , , , ,0, ,0, ,0
215488,99999, ,2007,06,14, , , , , , ,0, ,0, ,0
215488,99999, ,2007,06,15, , , , , , ,0, ,0, ,0
215488,99999, ,2007,06,16, , , , , , ,0.02, ,0, ,0
215488,99999, ,2007,06,17, , , , , , ,0.10, ,0, ,0
215488,99999, ,2007,06,18, , , , , , ,0, ,0, ,0
215488,99999, ,2007,06,19, , , , , , ,0.26, ,0, ,0
215488,99999, ,2007,06,20, , , , , , ,0, ,0, ,0
215488,99999, ,2007,06,21, , , , , , ,0.17, ,0, ,0
215488,99999, ,2007,06,22, , , , , , ,0.03, ,0, ,0
215488,99999, ,2007,06,23, , , , , , ,0.02, ,0, ,0
215488,99999, ,2007,06,24, , , , , , ,0, ,0, ,0
215488,99999, ,2007,06,25, , , , , , ,0, ,0, ,0
215488,99999, ,2007,06,26, , , , , , ,0, ,0, ,0
215488,99999, ,2007,06,27, , , , , , ,0, ,0, ,0
215488,99999, ,2007,06,28, , , , , , ,0, ,0, ,0
215488,99999, ,2007,06,29, , , , , , ,0, ,0, ,0
215488,99999, ,2007,06,30, , , , , , ,0, ,0, ,0, , , , , , , ,2.30,0

215488,99999, ,2007,07,1, , , , , , ,0, ,0, ,0
215488,99999, ,2007,07,2, , , , , , ,0, ,0, ,0
215488,99999, ,2007,07,3, , , , , , ,0, ,0, ,0
215488,99999, ,2007,07,4, , , , , , ,0.45, ,0, ,0
215488,99999, ,2007,07,5, , , , , , ,0, ,0, ,0
215488,99999, ,2007,07,6, , , , , , ,0, ,0, ,0
215488,99999, ,2007,07,7, , , , , , ,0, ,0, ,0
215488,99999, ,2007,07,8, , , , , , ,0, ,0, ,0
215488,99999, ,2007,07,9, , , , , , ,0.05, ,0, ,0
215488,99999, ,2007,07,10, , , , , , ,0, ,0, ,0
215488,99999, ,2007,07,11, , , , , , ,0, ,0, ,0
215488,99999, ,2007,07,12, , , , , , ,0, ,0, ,0
215488,99999, ,2007,07,13, , , , , , ,0, ,0, ,0
215488,99999, ,2007,07,14, , , , , , ,0, ,0, ,0
215488,99999, ,2007,07,15, , , , , , ,0, ,0, ,0
215488,99999, ,2007,07,16, , , , , , ,0, ,0, ,0
215488,99999, ,2007,07,17, , , , , , ,0.25, ,0, ,0
215488,99999, ,2007,07,18, , , , , , ,0, ,0, ,0
215488,99999, ,2007,07,19, , , , , , ,0, ,0, ,0
215488,99999, ,2007,07,20, , , , , , ,0, ,0, ,0
215488,99999, ,2007,07,21, , , , , , ,0, ,0, ,0
215488,99999, ,2007,07,22, , , , , , ,0, ,0, ,0
215488,99999, ,2007,07,23, , , , , , ,2.70, ,0, ,0
215488,99999, ,2007,07,24, , , , , , ,0, ,0, ,0
215488,99999, ,2007,07,25, , , , , , ,0, ,0, ,0
215488,99999, ,2007,07,26, , , , , , ,0, ,0, ,0
215488,99999, ,2007,07,27, , , , , , ,2.03, ,0, ,0
215488,99999, ,2007,07,28, , , , , , ,0, ,0, ,0
215488,99999, ,2007,07,29, , , , , , ,0, ,0, ,0
215488,99999, ,2007,07,30, , , , , , ,0, ,0, ,0
215488,99999, ,2007,07,31, , , , , , ,0, ,0, ,0, , , , , , , ,5.48,0

215488,99999, ,2007,08,1, , , , , , ,0, ,0, ,0
215488,99999, ,2007,08,2, , , , , , ,0, ,0, ,0
215488,99999, ,2007,08,3, , , , , , ,0, ,0, ,0
215488,99999, ,2007,08,4, , , , , , ,0, ,0, ,0
215488,99999, ,2007,08,5, , , , , , ,1.46, ,0, ,0
215488,99999, ,2007,08,6, , , , , , ,0, ,0, ,0
215488,99999, ,2007,08,7, , , , , , ,0, ,0, ,0
215488,99999, ,2007,08,8, , , , , , ,0, ,0, ,0
215488,99999, ,2007,08,9, , , , , , ,0, ,0, ,0
215488,99999, ,2007,08,10, , , , , , ,0.25, ,0, ,0
215488,99999, ,2007,08,11, , , , , , ,0.72, ,0, ,0
215488,99999, ,2007,08,12, , , , , , ,0.80, ,0, ,0
215488,99999, ,2007,08,13, , , , , , ,0, ,0, ,0
215488,99999, ,2007,08,14, , , , , , ,1.25, ,0, ,0
215488,99999, ,2007,08,15, , , , , , ,0, ,0, ,0
215488,99999, ,2007,08,16, , , , , , ,0.15, ,0, ,0
215488,99999, ,2007,08,17, , , , , , ,0, ,0, ,0
215488,99999, ,2007,08,18, , , , , , ,0, ,0, ,0
215488,99999, ,2007,08,19, , , , , , ,4.25, ,0, ,0
215488,99999, ,2007,08,20, , , , , , ,0.65, ,0, ,0
215488,99999, ,2007,08,21, , , , , , ,0.30, ,0, ,0
215488,99999, ,2007,08,22, , , , , , ,0.35, ,0, ,0
215488,99999, ,2007,08,23, , , , , , ,0.02, ,0, ,0
215488,99999, ,2007,08,24, , , , , , ,0, ,0, ,0
215488,99999, ,2007,08,25, , , , , , ,0, ,0, ,0
215488,99999, ,2007,08,26, , , , , , ,0, ,0, ,0
215488,99999, ,2007,08,27, , , , , , ,0.31, ,0, ,0
215488,99999, ,2007,08,28, , , , , , ,0.52, ,0, ,0
215488,99999, ,2007,08,29, , , , , , ,0.13, ,0, ,0
215488,99999, ,2007,08,30, , , , , , ,0, ,0, ,0
215488,99999, ,2007,08,31, , , , , , ,0, ,0, ,0, , , , , , , ,11.16,0

215488,99999, ,2007,09,1, , , , , , ,0, ,0, ,0
215488,99999, ,2007,09,2, , , , , , ,0, ,0, ,0
215488,99999, ,2007,09,3, , , , , , ,0, ,0, ,0
215488,99999, ,2007,09,4, , , , , , ,0, ,0, ,0
215488,99999, ,2007,09,5, , , , , , ,0, ,0, ,0
215488,99999, ,2007,09,6, , , , , , ,0, ,0, ,0
215488,99999, ,2007,09,7, , , , , , ,2.75, ,0, ,0
215488,99999, ,2007,09,8, , , , , , ,0.02, ,0, ,0
215488,99999, ,2007,09,9, , , , , , ,0.01, ,0, ,0
215488,99999, ,2007,09,10, , , , , , ,0.05, ,0, ,0
215488,99999, ,2007,09,11, , , , , , ,0.28, ,0, ,0
215488,99999, ,2007,09,12, , , , , , ,0, ,0, ,0
215488,99999, ,2007,09,13, , , , , , ,0, ,0, ,0
215488,99999, ,2007,09,14, , , , , , ,0.11, ,0, ,0
215488,99999, ,2007,09,15, , , , , , ,0, ,0, ,0
215488,99999, ,2007,09,16, , , , , , ,0, ,0, ,0
215488,99999, ,2007,09,17, , , , , , ,0, ,0, ,0
215488,99999, ,2007,09,18, , , , , , ,0, ,0, ,0
215488,99999, ,2007,09,19, , , , , , ,0.10, ,0, ,0
215488,99999, ,2007,09,20, , , , , , ,0, ,0, ,0
215488,99999, ,2007,09,21, , , , , , ,0, ,0, ,0
215488,99999, ,2007,09,22, , , , , , ,0, ,0, ,0
215488,99999, ,2007,09,23, , , , , , ,0, ,0, ,0
215488,99999, ,2007,09,24, , , , , , ,0, ,0, ,0
215488,99999, ,2007,09,25, , , , , , ,1.70, ,0, ,0
215488,99999, ,2007,09,26, , , , , , ,0, ,0, ,0
215488,99999, ,2007,09,27, , , , , , ,0.20, ,0, ,0
215488,99999, ,2007,09,28, , , , , , ,0, ,0, ,0
215488,99999, ,2007,09,29, , , , , , ,0, ,0, ,0
215488,99999, ,2007,09,30, , , , , , ,0.52, ,0, ,0, , , , , , , ,5.74,0


