station	precid	A01440	A04320	A07200
15s	4n	7n	7n	7n
01	 9194001	  0.004		
01	 9194002	  0.000	  0.493	
01	 9194003	  0.016	  0.016	  0.016
01	 9194004	  0.000	  0.000	  0.000
01	 9194005	  0.000	  0.000	  0.000
01	 9194006	  0.000	  0.000	  0.000
01	 9194007	  0.000	  0.000	  0.401
01	 9194008	  0.002	  0.002	  0.864
01	 9194009	  0.002	  0.002	  0.021
01	 9194010	  0.002	  0.329	  1.264
01	 9194011	  0.020	  1.682	  1.835
01	 9194012	  0.000	  0.000	  0.320
01	 9194013	  0.000	  0.007	  0.009
01	 9194014	  0.000	  0.000	  0.047
01	 9194015	  0.000	  0.181	  1.043
01	 9194016	  0.000	  0.000	  0.475
01	 9194017	  0.014	  0.124	  0.480
01	 9194018	  0.000	  0.007	  1.090
01	 9194019	  0.000	  0.473	  0.518
01	 9194020	  0.000	  0.000	  0.000
01	 9194021	  0.000	  0.005	  0.464
01	 9194022	  0.415	  0.417	  0.881
01	 9194023	  0.000	  0.000	  0.000
01	 9194024	  0.000	  0.000	  0.000
01	 9194025	  0.000	  0.008	  0.542
01	 9194026	  0.000	  0.000	  0.000
01	 9194027	  0.000	  0.000	  0.000
01	 9194028	  0.201	  0.201	  0.201
01	 9194029	  0.098	  0.641	  0.839
01	 9194030	  0.000	  0.000	  0.000
01	 9194031	  0.000	  0.000	  0.121
01	 9194032	  0.000	  0.000	  0.179
01	 9194033	  0.000	  0.526	  0.805
01	 9194034	  0.070	  0.587	  0.587
01	 9194035	  0.000	  0.020	  0.020
01	 9194036	  0.237	  0.257	  0.257
01	 9194037	  0.000	  0.000	  0.023
01	 9194038	  0.000	  0.775	  0.775
01	 9194039	  0.008	  0.058	  0.740
01	 9194040	  0.000	  1.249	  1.249
01	 9194041	  0.132	  0.648	  1.889
01	 9194042	  0.002	  0.372	  0.383
01	 9194043	  0.006	  1.555	  1.645
01	 9194044	  0.000	  0.000	  0.000
01	 9194045	  0.000	  0.259	  0.307
01	 9194046	  0.019	  0.127	  0.127
01	 9194047	  0.980	  1.107	  1.107
01	 9194048	  0.000	  0.000	  0.000
01	 9194049	  0.650	  0.650	  0.650
01	 9194050	  0.000	  0.000	  0.000
01	 9194051	  0.000	  0.001	  0.001
01	 9194052	  0.000	  0.000	  0.000
01	 9194053	  0.000	  0.008	  0.059
01	 9194054	  0.000	  0.000	  0.017
01	 9194055	  0.019	  0.019	  0.060
01	 9194056	  0.595	  0.614	  0.616
01	 9194057	  0.008	  0.534	  1.181
01	 9194058	  0.546	  0.554	  1.708
01	 9194059	  0.000	  0.017	  0.017
01	 9194060	  0.000	  0.015	  0.015
01	 9194061	  0.000	  0.051	  0.747
01	 9194062	  0.000	  0.000	  0.000
01	 9194063	  0.000	  0.131	  0.468
01	 9194064	  0.581	  0.581	  0.712
01	 9194065	  0.002	  0.006	  0.576
01	 9194066	  0.923	  0.925	  1.303
01	 9194067	  0.000	  1.055	  1.980
01	 9194068	  0.000	  0.045	  0.045
01	 9194069	  0.000	  0.397	  0.397
01	 9194070	  0.253	  0.319	  0.650
01	 9194071	  0.000	  0.008	  0.329
01	 9194072	  0.000	  0.000	  0.046
01	 9194073	  0.000	  0.928	  0.928
01	 9194074	  0.120	  0.724	  1.652
01	 9194075	  0.000	  0.000	  0.000
01	 9194076	  0.000	  0.000	  0.002
01	 9194077	  0.000	  0.002	  0.215
01	 9194078	  0.030	  1.108	  1.190
01	 9194079	  0.000	  1.140	  2.058
01	 9194080	  0.000	  0.000	  0.532
01	 9194081	  0.000	  0.819	  0.819
01	 9194082	  0.024	  0.296	  1.115
01	 9194083	  0.000	  0.355	  0.651
01	 9194084	  0.002	  0.004	  0.004
01	 9194085	  0.000	  0.000	  0.000
01	 9194086	  0.000	  0.000	  0.000
01	 9194087	  0.000	  0.000	  0.000
01	 9194088	  0.000	  2.559	  2.660
01	 9194089	  0.020	  0.020	  0.020
01	 9194090	  0.003	  0.003	  0.003
01	 9194091	  0.000	  0.000	  0.000
01	 9194092	  0.000	  0.000	  0.000
01	 9194093	  0.216	  0.220	  0.220
01	 9194094	  0.000	  0.000	  0.000
01	 9194095	  0.079	  0.079	  0.079
01	 9194096	  0.000	  0.371	  0.557
01	 9194097	  0.186	  0.192	  0.408
01	 9194098	  0.000	  0.083	  0.711
01	 9194099	  0.000	  0.000	  0.000
01	 9194100	  0.000	  0.032	  0.462
01	 9194101	  0.336	  1.073	  1.457
01	 9194102	  0.000	  0.311	  2.009
01	 9194103	  0.000	  0.000	  0.352
01	 9194104	  0.000	  0.022	  0.087
01	 9194105	  0.000	  0.006	  0.839
01	 9194106	  0.000	  0.217	  0.284
01	 9194107	  0.000	  0.599	  0.615
01	 9194108	  0.000	  0.147	  0.759
01	 9194109	  1.234	  1.237	  1.438
01	 9194110	  0.000	  0.000	  0.029
01	 9194111	  0.314	  0.314	  0.314
01	 9194112	  0.000	  0.928	  0.928
01	 9194113	  0.046	  0.298	  1.226
01	 9194114	  0.000	  0.000	  0.183
01	 9194115	  0.229	  0.229	  0.231
01	 9194116	  0.000	  0.510	  0.510
01	 9194117	  0.000	  0.209	  0.719
01	 9194118	  0.000	  0.724	  1.214
01	 9194119	  0.000	  0.119	  1.452
01	 9194120	  0.180	  0.185	  1.899
01	 9194121	  0.000	  2.445	  2.945
01	 9194122	  1.396	  3.841	  3.842
01	 9194123	  0.017	  2.428	  4.873
01	 9194124	  0.000	  0.000	  0.220
01	 9194125	  0.000	  0.000	  0.000
01	 9194126	  0.000	  0.428	  0.428
01	 9194127	  0.000	  0.000	  0.322
01	 9194128	  0.003	  0.018	  0.023
01	 9194129	  0.000	  0.037	  0.381
01	 9194130	  0.000	  0.124	  0.132
01	 9194131	  0.000	  0.163	  1.890
01	 9194132	  0.171	  0.171	  1.193
01	 9194133	  0.002	  0.028	  0.044
01	 9194134	  0.000	  0.009	  0.009
01	 9194135	  0.003	  0.040	  0.135
01	 9194136	  0.212	  0.249	  0.253
01	 9194137	  0.000	  0.011	  0.207
01	 9194138	  0.000	  0.000	  0.002
01	 9194139	  0.000	  0.318	  0.318
01	 9194140	  0.016	  0.018	  0.020
01	 9194141	  0.000	  0.000	  0.000
01	 9194142	  0.000	  0.000	  0.000
01	 9194143	  0.039	  0.039	  0.039
01	 9194144	  0.000	  0.000	  0.035
01	 9194145	  0.000	  0.531	  0.531
01	 9194146	  0.089	  0.095	  0.147
01	 9194147	  0.000	  0.118	  1.587
01	 9194148	  0.004	  0.092	  0.092
01	 9194149	  0.000	  0.000	  0.000
01	 9194150	  0.000	  1.056	  1.056
01	 9194151	  0.000	  0.000	  0.000
01	 9194152	  0.049	  0.156	  0.563
01	 9194153	  0.000	  0.356	  0.463
01	 9194154	  0.000	  0.000	  0.000
01	 9194155	  0.000	  0.476	  1.618
01	 9194156	  0.000	  0.093	  0.097
01	 9194157	  0.021	  0.095	  1.646
01	 9194158	  0.918	  0.993	  2.544
01	 9194159	  0.125	  0.125	  0.486
01	 9194160	  0.248	  0.373	  0.382
01	 9194161	  0.004	  0.188	  0.353
01	 9194162	  0.000	  0.151	  0.151
01	 9194163	  0.000	  0.000	  0.000
01	 9194164	  0.002	  0.002	  0.007
01	 9194165	  0.002	  0.341	  0.341
01	 9194166	  0.000	  0.001	  0.003
01	 9194167	  0.002	  0.077	  0.102
01	 9194168	  0.000	  0.081	  0.158
01	 9194169	  0.014	  0.022	  0.022
